Sample	0	1	2	3	4	5	6	7	8	9	10	11	12	13	14	15	16	17	18	19	20	21	22	23	24	25	26	27	28	29	30	31	32	33	34	35
NGS001-23_18S_41_S104_L001_R1_001	(17.0, 2.0)	(18.0, 9.0)	(19.0, 19.0)	(20.0, 83.0)	(21.0, 134.0)	(22.0, 282.0)	(23.0, 550.0)	(24.0, 758.0)	(25.0, 1082.0)	(26.0, 1207.0)	(27.0, 1425.0)	(28.0, 1670.0)	(29.0, 2115.0)	(30.0, 2767.0)	(31.0, 3529.0)	(32.0, 4873.0)	(33.0, 7150.0)	(34.0, 10977.0)	(35.0, 19152.0)	(36.0, 34987.0)	(37.0, 19778.0)															
NGS001-23_18S_41_S104_L001_R2_001	(11.0, 6.0)	(12.0, 14.0)	(13.0, 69.0)	(14.0, 181.0)	(15.0, 213.0)	(16.0, 480.0)	(17.0, 867.0)	(18.0, 1180.0)	(19.0, 1411.0)	(20.0, 1564.0)	(21.0, 1630.0)	(22.0, 1807.0)	(23.0, 1883.0)	(24.0, 2172.0)	(25.0, 2417.0)	(26.0, 2772.0)	(27.0, 3364.0)	(28.0, 4029.0)	(29.0, 5213.0)	(30.0, 7105.0)	(31.0, 9771.0)	(32.0, 13829.0)	(33.0, 18150.0)	(34.0, 19597.0)	(35.0, 11489.0)	(36.0, 1336.0)										
NGS001-23_18S_42_S110_L001_R1_001	(15.0, 1.0)	(16.0, 2.0)	(17.0, 3.0)	(18.0, 3.0)	(19.0, 37.0)	(20.0, 65.0)	(21.0, 135.0)	(22.0, 263.0)	(23.0, 501.0)	(24.0, 859.0)	(25.0, 1055.0)	(26.0, 1197.0)	(27.0, 1400.0)	(28.0, 1749.0)	(29.0, 2203.0)	(30.0, 2900.0)	(31.0, 3875.0)	(32.0, 5422.0)	(33.0, 8071.0)	(34.0, 12760.0)	(35.0, 21480.0)	(36.0, 34710.0)	(37.0, 15335.0)													
NGS001-23_18S_42_S110_L001_R2_001	(7.0, 1.0)	(8.0, 0.0)	(9.0, 0.0)	(10.0, 1.0)	(11.0, 3.0)	(12.0, 9.0)	(13.0, 70.0)	(14.0, 170.0)	(15.0, 197.0)	(16.0, 275.0)	(17.0, 503.0)	(18.0, 790.0)	(19.0, 990.0)	(20.0, 1131.0)	(21.0, 1307.0)	(22.0, 1353.0)	(23.0, 1551.0)	(24.0, 1678.0)	(25.0, 1996.0)	(26.0, 2218.0)	(27.0, 2751.0)	(28.0, 3335.0)	(29.0, 4407.0)	(30.0, 6080.0)	(31.0, 8618.0)	(32.0, 12939.0)	(33.0, 18419.0)	(34.0, 23220.0)	(35.0, 17205.0)	(36.0, 2805.0)	(37.0, 4.0)					
NGS001-23_18S_43_S116_L001_R1_001	(18.0, 4.0)	(19.0, 24.0)	(20.0, 63.0)	(21.0, 101.0)	(22.0, 166.0)	(23.0, 288.0)	(24.0, 493.0)	(25.0, 752.0)	(26.0, 789.0)	(27.0, 944.0)	(28.0, 1218.0)	(29.0, 1532.0)	(30.0, 1939.0)	(31.0, 2506.0)	(32.0, 3600.0)	(33.0, 5404.0)	(34.0, 8785.0)	(35.0, 15253.0)	(36.0, 27301.0)	(37.0, 12748.0)																
NGS001-23_18S_43_S116_L001_R2_001	(11.0, 3.0)	(12.0, 13.0)	(13.0, 66.0)	(14.0, 136.0)	(15.0, 156.0)	(16.0, 246.0)	(17.0, 431.0)	(18.0, 600.0)	(19.0, 770.0)	(20.0, 806.0)	(21.0, 920.0)	(22.0, 1024.0)	(23.0, 1152.0)	(24.0, 1356.0)	(25.0, 1494.0)	(26.0, 1761.0)	(27.0, 2128.0)	(28.0, 2720.0)	(29.0, 3400.0)	(30.0, 4600.0)	(31.0, 6553.0)	(32.0, 9554.0)	(33.0, 13537.0)	(34.0, 16328.0)	(35.0, 12321.0)	(36.0, 1835.0)										
NGS001-23_18S_44_S122_L001_R1_001	(17.0, 3.0)	(18.0, 5.0)	(19.0, 21.0)	(20.0, 73.0)	(21.0, 126.0)	(22.0, 250.0)	(23.0, 455.0)	(24.0, 643.0)	(25.0, 715.0)	(26.0, 815.0)	(27.0, 973.0)	(28.0, 1090.0)	(29.0, 1388.0)	(30.0, 1834.0)	(31.0, 2276.0)	(32.0, 3041.0)	(33.0, 4666.0)	(34.0, 7219.0)	(35.0, 12069.0)	(36.0, 20663.0)	(37.0, 9780.0)															
NGS001-23_18S_44_S122_L001_R2_001	(11.0, 2.0)	(12.0, 11.0)	(13.0, 73.0)	(14.0, 123.0)	(15.0, 141.0)	(16.0, 317.0)	(17.0, 649.0)	(18.0, 973.0)	(19.0, 1136.0)	(20.0, 1154.0)	(21.0, 1081.0)	(22.0, 1186.0)	(23.0, 1285.0)	(24.0, 1411.0)	(25.0, 1671.0)	(26.0, 1807.0)	(27.0, 2275.0)	(28.0, 2749.0)	(29.0, 3594.0)	(30.0, 4656.0)	(31.0, 6404.0)	(32.0, 8457.0)	(33.0, 10416.0)	(34.0, 10258.0)	(35.0, 5612.0)	(36.0, 664.0)										
NGS001-23_18S_47_S140_L001_R1_001	(17.0, 4.0)	(18.0, 6.0)	(19.0, 19.0)	(20.0, 75.0)	(21.0, 151.0)	(22.0, 487.0)	(23.0, 951.0)	(24.0, 1003.0)	(25.0, 1007.0)	(26.0, 1079.0)	(27.0, 1297.0)	(28.0, 1595.0)	(29.0, 1886.0)	(30.0, 2383.0)	(31.0, 3074.0)	(32.0, 4418.0)	(33.0, 6470.0)	(34.0, 9976.0)	(35.0, 15644.0)	(36.0, 20701.0)	(37.0, 7175.0)															
NGS001-23_18S_47_S140_L001_R2_001	(11.0, 2.0)	(12.0, 27.0)	(13.0, 101.0)	(14.0, 154.0)	(15.0, 173.0)	(16.0, 400.0)	(17.0, 581.0)	(18.0, 854.0)	(19.0, 1209.0)	(20.0, 1340.0)	(21.0, 1312.0)	(22.0, 1372.0)	(23.0, 1502.0)	(24.0, 1599.0)	(25.0, 1958.0)	(26.0, 2226.0)	(27.0, 2639.0)	(28.0, 3505.0)	(29.0, 4573.0)	(30.0, 6590.0)	(31.0, 8791.0)	(32.0, 11150.0)	(33.0, 12323.0)	(34.0, 9808.0)	(35.0, 4555.0)	(36.0, 653.0)	(37.0, 4.0)									
NGS001-23_18S_48_S146_L001_R1_001	(18.0, 9.0)	(19.0, 16.0)	(20.0, 62.0)	(21.0, 111.0)	(22.0, 189.0)	(23.0, 371.0)	(24.0, 735.0)	(25.0, 910.0)	(26.0, 1012.0)	(27.0, 1249.0)	(28.0, 1519.0)	(29.0, 1855.0)	(30.0, 2473.0)	(31.0, 3187.0)	(32.0, 4480.0)	(33.0, 6665.0)	(34.0, 10578.0)	(35.0, 18490.0)	(36.0, 32781.0)	(37.0, 17040.0)																
NGS001-23_18S_48_S146_L001_R2_001	(11.0, 2.0)	(12.0, 13.0)	(13.0, 79.0)	(14.0, 160.0)	(15.0, 172.0)	(16.0, 349.0)	(17.0, 569.0)	(18.0, 832.0)	(19.0, 1061.0)	(20.0, 1129.0)	(21.0, 1263.0)	(22.0, 1282.0)	(23.0, 1479.0)	(24.0, 1667.0)	(25.0, 1914.0)	(26.0, 2176.0)	(27.0, 2683.0)	(28.0, 3266.0)	(29.0, 4082.0)	(30.0, 5502.0)	(31.0, 8087.0)	(32.0, 11597.0)	(33.0, 16953.0)	(34.0, 20474.0)	(35.0, 14691.0)	(36.0, 2246.0)	(37.0, 4.0)									
NGS069-23_18S_29_S98_L001_R1_001	(16.0, 1.0)	(17.0, 2.0)	(18.0, 3.0)	(19.0, 7.0)	(20.0, 23.0)	(21.0, 23.0)	(22.0, 29.0)	(23.0, 35.0)	(24.0, 72.0)	(25.0, 84.0)	(26.0, 110.0)	(27.0, 125.0)	(28.0, 169.0)	(29.0, 226.0)	(30.0, 290.0)	(31.0, 355.0)	(32.0, 500.0)	(33.0, 702.0)	(34.0, 1036.0)	(35.0, 1934.0)	(36.0, 5072.0)	(37.0, 21124.0)														
NGS069-23_18S_29_S98_L001_R2_001	(12.0, 4.0)	(13.0, 26.0)	(14.0, 29.0)	(15.0, 23.0)	(16.0, 32.0)	(17.0, 55.0)	(18.0, 111.0)	(19.0, 162.0)	(20.0, 214.0)	(21.0, 229.0)	(22.0, 225.0)	(23.0, 268.0)	(24.0, 294.0)	(25.0, 329.0)	(26.0, 356.0)	(27.0, 445.0)	(28.0, 569.0)	(29.0, 603.0)	(30.0, 863.0)	(31.0, 1175.0)	(32.0, 1858.0)	(33.0, 3183.0)	(34.0, 5649.0)	(35.0, 9041.0)	(36.0, 6077.0)	(37.0, 102.0)										
NGS069-23_18S_30_S102_L001_R1_001	(14.0, 1.0)	(15.0, 1.0)	(16.0, 9.0)	(17.0, 12.0)	(18.0, 16.0)	(19.0, 20.0)	(20.0, 86.0)	(21.0, 69.0)	(22.0, 106.0)	(23.0, 265.0)	(24.0, 523.0)	(25.0, 594.0)	(26.0, 701.0)	(27.0, 796.0)	(28.0, 921.0)	(29.0, 1307.0)	(30.0, 1626.0)	(31.0, 2314.0)	(32.0, 3140.0)	(33.0, 4394.0)	(34.0, 7274.0)	(35.0, 13969.0)	(36.0, 36099.0)	(37.0, 117198.0)												
NGS069-23_18S_30_S102_L001_R2_001	(10.0, 1.0)	(11.0, 5.0)	(12.0, 49.0)	(13.0, 248.0)	(14.0, 225.0)	(15.0, 146.0)	(16.0, 231.0)	(17.0, 443.0)	(18.0, 630.0)	(19.0, 849.0)	(20.0, 980.0)	(21.0, 1128.0)	(22.0, 1238.0)	(23.0, 1358.0)	(24.0, 1615.0)	(25.0, 1817.0)	(26.0, 1982.0)	(27.0, 2415.0)	(28.0, 2863.0)	(29.0, 3563.0)	(30.0, 4660.0)	(31.0, 6676.0)	(32.0, 10632.0)	(33.0, 18410.0)	(34.0, 33587.0)	(35.0, 55994.0)	(36.0, 38948.0)	(37.0, 748.0)								
NGS069-23_18S_31_S106_L001_R1_001	(14.0, 1.0)	(15.0, 0.0)	(16.0, 0.0)	(17.0, 0.0)	(18.0, 3.0)	(19.0, 1.0)	(20.0, 14.0)	(21.0, 13.0)	(22.0, 18.0)	(23.0, 28.0)	(24.0, 50.0)	(25.0, 59.0)	(26.0, 91.0)	(27.0, 88.0)	(28.0, 135.0)	(29.0, 163.0)	(30.0, 224.0)	(31.0, 280.0)	(32.0, 398.0)	(33.0, 582.0)	(34.0, 845.0)	(35.0, 1648.0)	(36.0, 4413.0)	(37.0, 16992.0)												
NGS069-23_18S_31_S106_L001_R2_001	(12.0, 5.0)	(13.0, 30.0)	(14.0, 36.0)	(15.0, 31.0)	(16.0, 38.0)	(17.0, 40.0)	(18.0, 81.0)	(19.0, 104.0)	(20.0, 133.0)	(21.0, 160.0)	(22.0, 167.0)	(23.0, 205.0)	(24.0, 210.0)	(25.0, 227.0)	(26.0, 298.0)	(27.0, 328.0)	(28.0, 376.0)	(29.0, 466.0)	(30.0, 581.0)	(31.0, 883.0)	(32.0, 1369.0)	(33.0, 2324.0)	(34.0, 4336.0)	(35.0, 7900.0)	(36.0, 5608.0)	(37.0, 110.0)										
NGS069-23_18S_32_S110_L001_R1_001	(17.0, 2.0)	(18.0, 3.0)	(19.0, 2.0)	(20.0, 4.0)	(21.0, 3.0)	(22.0, 8.0)	(23.0, 26.0)	(24.0, 29.0)	(25.0, 50.0)	(26.0, 43.0)	(27.0, 52.0)	(28.0, 78.0)	(29.0, 102.0)	(30.0, 149.0)	(31.0, 166.0)	(32.0, 255.0)	(33.0, 373.0)	(34.0, 610.0)	(35.0, 1250.0)	(36.0, 3205.0)	(37.0, 7295.0)															
NGS069-23_18S_32_S110_L001_R2_001	(12.0, 6.0)	(13.0, 26.0)	(14.0, 16.0)	(15.0, 11.0)	(16.0, 17.0)	(17.0, 30.0)	(18.0, 36.0)	(19.0, 56.0)	(20.0, 66.0)	(21.0, 63.0)	(22.0, 89.0)	(23.0, 105.0)	(24.0, 111.0)	(25.0, 134.0)	(26.0, 142.0)	(27.0, 164.0)	(28.0, 196.0)	(29.0, 240.0)	(30.0, 338.0)	(31.0, 486.0)	(32.0, 746.0)	(33.0, 1386.0)	(34.0, 2616.0)	(35.0, 4092.0)	(36.0, 2514.0)	(37.0, 19.0)										
NGS069-23_18S_35_S89_L001_R1_001	(15.0, 1.0)	(16.0, 3.0)	(17.0, 3.0)	(18.0, 4.0)	(19.0, 4.0)	(20.0, 20.0)	(21.0, 20.0)	(22.0, 33.0)	(23.0, 66.0)	(24.0, 118.0)	(25.0, 116.0)	(26.0, 169.0)	(27.0, 193.0)	(28.0, 247.0)	(29.0, 293.0)	(30.0, 368.0)	(31.0, 473.0)	(32.0, 698.0)	(33.0, 950.0)	(34.0, 1612.0)	(35.0, 2952.0)	(36.0, 7273.0)	(37.0, 30199.0)													
NGS069-23_18S_35_S89_L001_R2_001	(11.0, 1.0)	(12.0, 5.0)	(13.0, 36.0)	(14.0, 59.0)	(15.0, 36.0)	(16.0, 71.0)	(17.0, 153.0)	(18.0, 218.0)	(19.0, 262.0)	(20.0, 299.0)	(21.0, 358.0)	(22.0, 397.0)	(23.0, 407.0)	(24.0, 466.0)	(25.0, 494.0)	(26.0, 554.0)	(27.0, 660.0)	(28.0, 842.0)	(29.0, 992.0)	(30.0, 1293.0)	(31.0, 1880.0)	(32.0, 2791.0)	(33.0, 4768.0)	(34.0, 8351.0)	(35.0, 12797.0)	(36.0, 7550.0)	(37.0, 75.0)									
NGS069-23_18S_36_S94_L001_R1_001	(14.0, 1.0)	(15.0, 1.0)	(16.0, 0.0)	(17.0, 0.0)	(18.0, 4.0)	(19.0, 10.0)	(20.0, 22.0)	(21.0, 32.0)	(22.0, 35.0)	(23.0, 69.0)	(24.0, 130.0)	(25.0, 139.0)	(26.0, 163.0)	(27.0, 189.0)	(28.0, 219.0)	(29.0, 265.0)	(30.0, 409.0)	(31.0, 494.0)	(32.0, 635.0)	(33.0, 965.0)	(34.0, 1580.0)	(35.0, 2987.0)	(36.0, 7819.0)	(37.0, 27553.0)												
NGS069-23_18S_36_S94_L001_R2_001	(11.0, 1.0)	(12.0, 10.0)	(13.0, 50.0)	(14.0, 52.0)	(15.0, 42.0)	(16.0, 73.0)	(17.0, 117.0)	(18.0, 162.0)	(19.0, 253.0)	(20.0, 290.0)	(21.0, 294.0)	(22.0, 308.0)	(23.0, 380.0)	(24.0, 404.0)	(25.0, 478.0)	(26.0, 519.0)	(27.0, 581.0)	(28.0, 788.0)	(29.0, 948.0)	(30.0, 1190.0)	(31.0, 1911.0)	(32.0, 2970.0)	(33.0, 5148.0)	(34.0, 8629.0)	(35.0, 11635.0)	(36.0, 6371.0)	(37.0, 117.0)									
NGS069-24-18S-1_S1_L001_R1_001	(2.0, 605.0)	(3.0, 0.0)	(4.0, 0.0)	(5.0, 0.0)	(6.0, 0.0)	(7.0, 0.0)	(8.0, 0.0)	(9.0, 0.0)	(10.0, 0.0)	(11.0, 0.0)	(12.0, 0.0)	(13.0, 0.0)	(14.0, 0.0)	(15.0, 0.0)	(16.0, 0.0)	(17.0, 1.0)	(18.0, 8.0)	(19.0, 10.0)	(20.0, 23.0)	(21.0, 44.0)	(22.0, 96.0)	(23.0, 325.0)	(24.0, 587.0)	(25.0, 570.0)	(26.0, 696.0)	(27.0, 740.0)	(28.0, 859.0)	(29.0, 1110.0)	(30.0, 1478.0)	(31.0, 1965.0)	(32.0, 2846.0)	(33.0, 4295.0)	(34.0, 6846.0)	(35.0, 12040.0)	(36.0, 24762.0)	(37.0, 35089.0)
NGS069-24-18S-1_S1_L001_R2_001	(2.0, 614.0)	(3.0, 0.0)	(4.0, 0.0)	(5.0, 0.0)	(6.0, 0.0)	(7.0, 0.0)	(8.0, 0.0)	(9.0, 0.0)	(10.0, 0.0)	(11.0, 1.0)	(12.0, 13.0)	(13.0, 104.0)	(14.0, 123.0)	(15.0, 84.0)	(16.0, 153.0)	(17.0, 279.0)	(18.0, 583.0)	(19.0, 754.0)	(20.0, 810.0)	(21.0, 864.0)	(22.0, 925.0)	(23.0, 959.0)	(24.0, 1051.0)	(25.0, 1158.0)	(26.0, 1368.0)	(27.0, 1739.0)	(28.0, 2128.0)	(29.0, 2819.0)	(30.0, 3823.0)	(31.0, 5467.0)	(32.0, 7818.0)	(33.0, 11045.0)	(34.0, 15182.0)	(35.0, 18613.0)	(36.0, 15029.0)	(37.0, 1489.0)
NGS069-24-18S-2_S7_L001_R1_001	(2.0, 107.0)	(3.0, 0.0)	(4.0, 0.0)	(5.0, 0.0)	(6.0, 0.0)	(7.0, 0.0)	(8.0, 0.0)	(9.0, 0.0)	(10.0, 0.0)	(11.0, 0.0)	(12.0, 0.0)	(13.0, 0.0)	(14.0, 0.0)	(15.0, 0.0)	(16.0, 1.0)	(17.0, 2.0)	(18.0, 4.0)	(19.0, 2.0)	(20.0, 20.0)	(21.0, 29.0)	(22.0, 89.0)	(23.0, 304.0)	(24.0, 518.0)	(25.0, 596.0)	(26.0, 663.0)	(27.0, 666.0)	(28.0, 821.0)	(29.0, 1001.0)	(30.0, 1359.0)	(31.0, 1783.0)	(32.0, 2453.0)	(33.0, 3886.0)	(34.0, 6225.0)	(35.0, 10881.0)	(36.0, 22502.0)	(37.0, 32229.0)
NGS069-24-18S-2_S7_L001_R2_001	(2.0, 111.0)	(3.0, 0.0)	(4.0, 0.0)	(5.0, 0.0)	(6.0, 0.0)	(7.0, 0.0)	(8.0, 0.0)	(9.0, 0.0)	(10.0, 0.0)	(11.0, 1.0)	(12.0, 17.0)	(13.0, 85.0)	(14.0, 119.0)	(15.0, 93.0)	(16.0, 111.0)	(17.0, 218.0)	(18.0, 426.0)	(19.0, 615.0)	(20.0, 662.0)	(21.0, 646.0)	(22.0, 610.0)	(23.0, 719.0)	(24.0, 861.0)	(25.0, 907.0)	(26.0, 1075.0)	(27.0, 1343.0)	(28.0, 1682.0)	(29.0, 2121.0)	(30.0, 2895.0)	(31.0, 4187.0)	(32.0, 6179.0)	(33.0, 9224.0)	(34.0, 13737.0)	(35.0, 18549.0)	(36.0, 17030.0)	(37.0, 1918.0)
NGS069-24-18S-3_S12_L001_R1_001	(2.0, 174.0)	(3.0, 0.0)	(4.0, 0.0)	(5.0, 0.0)	(6.0, 0.0)	(7.0, 0.0)	(8.0, 0.0)	(9.0, 0.0)	(10.0, 0.0)	(11.0, 0.0)	(12.0, 0.0)	(13.0, 0.0)	(14.0, 1.0)	(15.0, 1.0)	(16.0, 6.0)	(17.0, 12.0)	(18.0, 16.0)	(19.0, 11.0)	(20.0, 18.0)	(21.0, 34.0)	(22.0, 76.0)	(23.0, 278.0)	(24.0, 441.0)	(25.0, 542.0)	(26.0, 568.0)	(27.0, 640.0)	(28.0, 824.0)	(29.0, 1024.0)	(30.0, 1360.0)	(31.0, 1765.0)	(32.0, 2554.0)	(33.0, 3648.0)	(34.0, 5707.0)	(35.0, 10079.0)	(36.0, 21314.0)	(37.0, 35898.0)
NGS069-24-18S-3_S12_L001_R2_001	(2.0, 175.0)	(3.0, 0.0)	(4.0, 0.0)	(5.0, 0.0)	(6.0, 0.0)	(7.0, 0.0)	(8.0, 0.0)	(9.0, 0.0)	(10.0, 0.0)	(11.0, 2.0)	(12.0, 24.0)	(13.0, 93.0)	(14.0, 125.0)	(15.0, 73.0)	(16.0, 108.0)	(17.0, 255.0)	(18.0, 501.0)	(19.0, 638.0)	(20.0, 758.0)	(21.0, 773.0)	(22.0, 739.0)	(23.0, 843.0)	(24.0, 937.0)	(25.0, 1047.0)	(26.0, 1239.0)	(27.0, 1565.0)	(28.0, 2017.0)	(29.0, 2571.0)	(30.0, 3550.0)	(31.0, 4972.0)	(32.0, 7019.0)	(33.0, 10044.0)	(34.0, 13912.0)	(35.0, 17536.0)	(36.0, 14124.0)	(37.0, 1351.0)
NGS069-24-18S-4_S17_L001_R1_001	(2.0, 295.0)	(3.0, 0.0)	(4.0, 0.0)	(5.0, 0.0)	(6.0, 0.0)	(7.0, 0.0)	(8.0, 0.0)	(9.0, 0.0)	(10.0, 0.0)	(11.0, 0.0)	(12.0, 0.0)	(13.0, 0.0)	(14.0, 1.0)	(15.0, 0.0)	(16.0, 1.0)	(17.0, 1.0)	(18.0, 5.0)	(19.0, 16.0)	(20.0, 21.0)	(21.0, 45.0)	(22.0, 150.0)	(23.0, 428.0)	(24.0, 670.0)	(25.0, 720.0)	(26.0, 762.0)	(27.0, 819.0)	(28.0, 888.0)	(29.0, 1139.0)	(30.0, 1614.0)	(31.0, 2158.0)	(32.0, 2971.0)	(33.0, 4363.0)	(34.0, 7107.0)	(35.0, 11933.0)	(36.0, 24722.0)	(37.0, 32403.0)
NGS069-24-18S-4_S17_L001_R2_001	(2.0, 300.0)	(3.0, 0.0)	(4.0, 0.0)	(5.0, 0.0)	(6.0, 0.0)	(7.0, 0.0)	(8.0, 0.0)	(9.0, 0.0)	(10.0, 0.0)	(11.0, 0.0)	(12.0, 12.0)	(13.0, 115.0)	(14.0, 101.0)	(15.0, 95.0)	(16.0, 130.0)	(17.0, 265.0)	(18.0, 566.0)	(19.0, 774.0)	(20.0, 851.0)	(21.0, 896.0)	(22.0, 940.0)	(23.0, 942.0)	(24.0, 1078.0)	(25.0, 1228.0)	(26.0, 1516.0)	(27.0, 1829.0)	(28.0, 2283.0)	(29.0, 3130.0)	(30.0, 4272.0)	(31.0, 6052.0)	(32.0, 8756.0)	(33.0, 12069.0)	(34.0, 15779.0)	(35.0, 17734.0)	(36.0, 10777.0)	(37.0, 742.0)
NGS069-24-18S-5_S21_L001_R1_001	(2.0, 149.0)	(3.0, 0.0)	(4.0, 0.0)	(5.0, 0.0)	(6.0, 0.0)	(7.0, 0.0)	(8.0, 0.0)	(9.0, 0.0)	(10.0, 0.0)	(11.0, 0.0)	(12.0, 0.0)	(13.0, 0.0)	(14.0, 0.0)	(15.0, 1.0)	(16.0, 1.0)	(17.0, 16.0)	(18.0, 13.0)	(19.0, 9.0)	(20.0, 13.0)	(21.0, 18.0)	(22.0, 107.0)	(23.0, 355.0)	(24.0, 525.0)	(25.0, 599.0)	(26.0, 635.0)	(27.0, 758.0)	(28.0, 928.0)	(29.0, 1095.0)	(30.0, 1459.0)	(31.0, 2071.0)	(32.0, 2776.0)	(33.0, 4183.0)	(34.0, 6324.0)	(35.0, 10722.0)	(36.0, 20585.0)	(37.0, 23313.0)
NGS069-24-18S-5_S21_L001_R2_001	(2.0, 153.0)	(3.0, 0.0)	(4.0, 0.0)	(5.0, 0.0)	(6.0, 0.0)	(7.0, 0.0)	(8.0, 0.0)	(9.0, 0.0)	(10.0, 0.0)	(11.0, 0.0)	(12.0, 14.0)	(13.0, 98.0)	(14.0, 121.0)	(15.0, 74.0)	(16.0, 86.0)	(17.0, 150.0)	(18.0, 370.0)	(19.0, 535.0)	(20.0, 602.0)	(21.0, 667.0)	(22.0, 636.0)	(23.0, 652.0)	(24.0, 803.0)	(25.0, 954.0)	(26.0, 1084.0)	(27.0, 1389.0)	(28.0, 1757.0)	(29.0, 2379.0)	(30.0, 3239.0)	(31.0, 4593.0)	(32.0, 6843.0)	(33.0, 9768.0)	(34.0, 13218.0)	(35.0, 15482.0)	(36.0, 10254.0)	(37.0, 734.0)
NGS069-24-18S-6_S25_L001_R1_001	(2.0, 133.0)	(3.0, 0.0)	(4.0, 0.0)	(5.0, 0.0)	(6.0, 0.0)	(7.0, 0.0)	(8.0, 0.0)	(9.0, 0.0)	(10.0, 0.0)	(11.0, 0.0)	(12.0, 0.0)	(13.0, 0.0)	(14.0, 0.0)	(15.0, 0.0)	(16.0, 1.0)	(17.0, 3.0)	(18.0, 4.0)	(19.0, 10.0)	(20.0, 21.0)	(21.0, 63.0)	(22.0, 248.0)	(23.0, 655.0)	(24.0, 799.0)	(25.0, 740.0)	(26.0, 791.0)	(27.0, 904.0)	(28.0, 1196.0)	(29.0, 1747.0)	(30.0, 2356.0)	(31.0, 3552.0)	(32.0, 4834.0)	(33.0, 7189.0)	(34.0, 10060.0)	(35.0, 13841.0)	(36.0, 18814.0)	(37.0, 11160.0)
NGS069-24-18S-6_S25_L001_R2_001	(2.0, 137.0)	(3.0, 0.0)	(4.0, 0.0)	(5.0, 0.0)	(6.0, 0.0)	(7.0, 0.0)	(8.0, 0.0)	(9.0, 0.0)	(10.0, 0.0)	(11.0, 1.0)	(12.0, 13.0)	(13.0, 116.0)	(14.0, 101.0)	(15.0, 93.0)	(16.0, 83.0)	(17.0, 194.0)	(18.0, 433.0)	(19.0, 612.0)	(20.0, 659.0)	(21.0, 689.0)	(22.0, 689.0)	(23.0, 704.0)	(24.0, 792.0)	(25.0, 930.0)	(26.0, 1103.0)	(27.0, 1511.0)	(28.0, 1978.0)	(29.0, 2761.0)	(30.0, 3978.0)	(31.0, 5899.0)	(32.0, 8318.0)	(33.0, 11485.0)	(34.0, 13762.0)	(35.0, 14035.0)	(36.0, 7549.0)	(37.0, 496.0)
NGS069-24-18S-7_S30_L001_R1_001	(2.0, 102.0)	(3.0, 0.0)	(4.0, 0.0)	(5.0, 0.0)	(6.0, 0.0)	(7.0, 0.0)	(8.0, 0.0)	(9.0, 0.0)	(10.0, 0.0)	(11.0, 0.0)	(12.0, 0.0)	(13.0, 0.0)	(14.0, 0.0)	(15.0, 0.0)	(16.0, 0.0)	(17.0, 1.0)	(18.0, 8.0)	(19.0, 10.0)	(20.0, 9.0)	(21.0, 38.0)	(22.0, 65.0)	(23.0, 244.0)	(24.0, 400.0)	(25.0, 532.0)	(26.0, 577.0)	(27.0, 648.0)	(28.0, 777.0)	(29.0, 981.0)	(30.0, 1269.0)	(31.0, 1949.0)	(32.0, 2649.0)	(33.0, 3986.0)	(34.0, 6548.0)	(35.0, 11704.0)	(36.0, 23765.0)	(37.0, 36486.0)
NGS069-24-18S-7_S30_L001_R2_001	(2.0, 103.0)	(3.0, 0.0)	(4.0, 0.0)	(5.0, 0.0)	(6.0, 0.0)	(7.0, 0.0)	(8.0, 0.0)	(9.0, 0.0)	(10.0, 0.0)	(11.0, 1.0)	(12.0, 15.0)	(13.0, 91.0)	(14.0, 124.0)	(15.0, 74.0)	(16.0, 99.0)	(17.0, 138.0)	(18.0, 293.0)	(19.0, 412.0)	(20.0, 486.0)	(21.0, 547.0)	(22.0, 564.0)	(23.0, 675.0)	(24.0, 690.0)	(25.0, 893.0)	(26.0, 1032.0)	(27.0, 1285.0)	(28.0, 1595.0)	(29.0, 2074.0)	(30.0, 2759.0)	(31.0, 4069.0)	(32.0, 6098.0)	(33.0, 9508.0)	(34.0, 14863.0)	(35.0, 21851.0)	(36.0, 20226.0)	(37.0, 2183.0)
NGS069-24-18S-8_S35_L001_R1_001	(2.0, 78.0)	(3.0, 0.0)	(4.0, 0.0)	(5.0, 0.0)	(6.0, 0.0)	(7.0, 0.0)	(8.0, 0.0)	(9.0, 0.0)	(10.0, 0.0)	(11.0, 0.0)	(12.0, 0.0)	(13.0, 0.0)	(14.0, 0.0)	(15.0, 0.0)	(16.0, 1.0)	(17.0, 0.0)	(18.0, 1.0)	(19.0, 8.0)	(20.0, 7.0)	(21.0, 14.0)	(22.0, 82.0)	(23.0, 204.0)	(24.0, 334.0)	(25.0, 377.0)	(26.0, 479.0)	(27.0, 512.0)	(28.0, 608.0)	(29.0, 804.0)	(30.0, 1091.0)	(31.0, 1488.0)	(32.0, 2099.0)	(33.0, 3177.0)	(34.0, 5254.0)	(35.0, 9221.0)	(36.0, 19507.0)	(37.0, 31490.0)
NGS069-24-18S-8_S35_L001_R2_001	(2.0, 76.0)	(3.0, 0.0)	(4.0, 0.0)	(5.0, 0.0)	(6.0, 0.0)	(7.0, 0.0)	(8.0, 0.0)	(9.0, 0.0)	(10.0, 0.0)	(11.0, 0.0)	(12.0, 8.0)	(13.0, 75.0)	(14.0, 96.0)	(15.0, 58.0)	(16.0, 85.0)	(17.0, 153.0)	(18.0, 280.0)	(19.0, 434.0)	(20.0, 509.0)	(21.0, 542.0)	(22.0, 583.0)	(23.0, 657.0)	(24.0, 780.0)	(25.0, 832.0)	(26.0, 997.0)	(27.0, 1186.0)	(28.0, 1458.0)	(29.0, 1907.0)	(30.0, 2658.0)	(31.0, 3765.0)	(32.0, 5652.0)	(33.0, 8540.0)	(34.0, 12439.0)	(35.0, 17270.0)	(36.0, 14476.0)	(37.0, 1320.0)
NGS069-24-18S-9_S2_L001_R1_001	(2.0, 67.0)	(3.0, 0.0)	(4.0, 0.0)	(5.0, 0.0)	(6.0, 0.0)	(7.0, 0.0)	(8.0, 0.0)	(9.0, 0.0)	(10.0, 0.0)	(11.0, 0.0)	(12.0, 0.0)	(13.0, 0.0)	(14.0, 0.0)	(15.0, 0.0)	(16.0, 0.0)	(17.0, 1.0)	(18.0, 2.0)	(19.0, 2.0)	(20.0, 10.0)	(21.0, 20.0)	(22.0, 73.0)	(23.0, 152.0)	(24.0, 294.0)	(25.0, 421.0)	(26.0, 468.0)	(27.0, 560.0)	(28.0, 719.0)	(29.0, 907.0)	(30.0, 1176.0)	(31.0, 1591.0)	(32.0, 2252.0)	(33.0, 3350.0)	(34.0, 5358.0)	(35.0, 9636.0)	(36.0, 21915.0)	(37.0, 45952.0)
NGS069-24-18S-9_S2_L001_R2_001	(2.0, 68.0)	(3.0, 0.0)	(4.0, 0.0)	(5.0, 0.0)	(6.0, 0.0)	(7.0, 0.0)	(8.0, 0.0)	(9.0, 0.0)	(10.0, 0.0)	(11.0, 0.0)	(12.0, 9.0)	(13.0, 108.0)	(14.0, 104.0)	(15.0, 84.0)	(16.0, 103.0)	(17.0, 155.0)	(18.0, 276.0)	(19.0, 378.0)	(20.0, 474.0)	(21.0, 552.0)	(22.0, 600.0)	(23.0, 709.0)	(24.0, 753.0)	(25.0, 904.0)	(26.0, 1032.0)	(27.0, 1366.0)	(28.0, 1599.0)	(29.0, 2057.0)	(30.0, 2842.0)	(31.0, 4053.0)	(32.0, 6109.0)	(33.0, 9810.0)	(34.0, 15345.0)	(35.0, 22394.0)	(36.0, 20877.0)	(37.0, 2165.0)
