Sample	0	1	2	3	4	5	6	7	8	9	10	11	12	13	14	15
NGS001-23_18S_41_S104_L001_R1_001	(1.0, 0.9675785657802379)	(2.0, 0.29498262978791456)	(3.0, 0.19458191543238945)	(4.0, 0.1386062959244418)	(5.0, 0.1155052466037015)	(6.0, 0.11195123901589529)	(7.0, 0.08085367262259105)	(8.0, 0.10662022763418601)	(9.0, 0.09595820487076741)	('>10', 2.0941989711148032)	('>50', 0.9986761321735421)	('>100', 2.9498262978791456)	('>500', 3.6188682262836633)	('>1k', 0.0)	('>5k', 4.610436343281593)	('>10k+', 83.62135603159513)
NGS001-23_18S_41_S104_L001_R2_001	(1.0, 7.537161591839999)	(2.0, 1.1426134394796932)	(3.0, 0.6370558601142613)	(4.0, 0.4833450319416432)	(5.0, 0.42203840105198626)	(6.0, 0.2932056259940115)	(7.0, 0.36073177016232927)	(8.0, 0.2061324400927596)	(9.0, 0.159930341451279)	('>10', 4.066673182347244)	('>50', 1.9191640974153479)	('>100', 5.671307608241744)	('>500', 1.386062959244418)	('>1k', 14.981030484500085)	('>5k', 11.989444597464216)	('>10k+', 48.74410256865899)
NGS001-23_18S_42_S110_L001_R1_001	(1.0, 0.9155806570431305)	(2.0, 0.24205005875852875)	(3.0, 0.1525967761738551)	(4.0, 0.11927104344623156)	(5.0, 0.07454440215389473)	(6.0, 0.07892936698647676)	(7.0, 0.11050111378106747)	(8.0, 0.10523915598196903)	(9.0, 0.055250556890533736)	('>10', 2.3371862557662286)	('>50', 0.6726536053180854)	('>100', 2.8256713381158685)	('>500', 2.7879606405556627)	('>1k', 3.0992931436689877)	('>5k', 0.0)	('>10k+', 86.42327188535947)
NGS001-23_18S_42_S110_L001_R2_001	(1.0, 5.9100556013540775)	(2.0, 0.9559223335028852)	(3.0, 0.5998631890972235)	(4.0, 0.47708417378492624)	(5.0, 0.3683370459368916)	(6.0, 0.3051935523477102)	(7.0, 0.31308648904635783)	(8.0, 0.28765369301738203)	(9.0, 0.15785873397295352)	('>10', 3.501832915300019)	('>50', 2.230193113851227)	('>100', 5.416308561205339)	('>500', 0.7963096135968989)	('>1k', 21.890621437216073)	('>5k', 10.819462227912933)	('>10k+', 45.9702173188571)
NGS001-23_18S_43_S116_L001_R1_001	(1.0, 0.9974973185555952)	(2.0, 0.2884042426409248)	(3.0, 0.1465856274579907)	(4.0, 0.14301036825169824)	(5.0, 0.148969133595519)	(6.0, 0.08580622095101895)	(7.0, 0.12513407222023595)	(8.0, 0.01906804910022643)	(9.0, 0.0321773328566321)	('>10', 2.3882731498033607)	('>50', 1.3800500536288882)	('>100', 3.2272673102133242)	('>500', 3.1152425217494937)	('>1k', 0.0)	('>5k', 0.0)	('>10k+', 87.90251459897509)
NGS001-23_18S_43_S116_L001_R2_001	(1.0, 6.108926230485044)	(2.0, 0.9224168752234536)	(3.0, 0.604218805863425)	(4.0, 0.3670599451793588)	(5.0, 0.2860207365033965)	(6.0, 0.2502681444404719)	(7.0, 0.2752949588845191)	(8.0, 0.14301036825169824)	(9.0, 0.09653199856989632)	('>10', 3.739721129781909)	('>50', 2.7398403050887854)	('>100', 5.776427124299845)	('>500', 1.2727922774401146)	('>1k', 17.34834942199976)	('>5k', 0.0)	('>10k+', 60.06912167798832)
NGS001-23_18S_44_S122_L001_R1_001	(1.0, 1.1717201380221718)	(2.0, 0.3494603920417003)	(3.0, 0.1717935540709199)	(4.0, 0.15857866529623374)	(5.0, 0.11012407312238455)	(6.0, 0.09690918434769841)	(7.0, 0.1130607150723148)	(8.0, 0.08222597459804713)	(9.0, 0.13214888774686148)	('>10', 2.5431319286396006)	('>50', 0.8119814991557154)	('>100', 2.8632259011819983)	('>500', 4.535643491667279)	('>1k', 0.0)	('>5k', 0.0)	('>10k+', 86.85999559503708)
NGS001-23_18S_44_S122_L001_R2_001	(1.0, 9.51325159679906)	(2.0, 1.4683209749651274)	(3.0, 0.8369429557301226)	(4.0, 0.6871742162836796)	(5.0, 0.4625211071140152)	(6.0, 0.38763673739079363)	(7.0, 0.32890389839218853)	(8.0, 0.38763673739079363)	(9.0, 0.30394244181778135)	('>10', 5.1244402026282945)	('>50', 2.9248953821305337)	('>100', 8.108068423757434)	('>500', 11.35452609940533)	('>1k', 12.590852360325966)	('>5k', 9.912634901989575)	('>10k+', 35.608251963879304)
NGS001-23_18S_47_S140_L001_R1_001	(1.0, 0.9093084469968892)	(2.0, 0.2821123159657939)	(3.0, 0.12846185816299543)	(4.0, 0.12594299819901514)	(5.0, 0.12594299819901514)	(6.0, 0.12846185816299543)	(7.0, 0.07052807899144847)	(8.0, 0.1007543985592121)	(9.0, 0.09067895870329089)	('>10', 2.4155867054571103)	('>50', 0.8274454981675293)	('>100', 2.5339731237641843)	('>500', 3.151093814939358)	('>1k', 0.0)	('>5k', 0.0)	('>10k+', 89.10970894573116)
NGS001-23_18S_47_S140_L001_R2_001	(1.0, 7.201420637019684)	(2.0, 1.156156723466959)	(3.0, 0.8123323383836475)	(4.0, 0.5793377917154696)	(5.0, 0.5037719927960606)	(6.0, 0.4156118940567499)	(7.0, 0.41435246407475973)	(8.0, 0.23173511668618785)	(9.0, 0.17002304756867043)	('>10', 4.693895542877294)	('>50', 1.8526215035075126)	('>100', 5.390360322917847)	('>500', 2.855127769171673)	('>1k', 27.41023412803365)	('>5k', 0.0)	('>10k+', 46.31301872772383)
NGS001-23_18S_48_S146_L001_R1_001	(1.0, 0.9620946284656614)	(2.0, 0.2757104847106004)	(3.0, 0.1301430609647939)	(4.0, 0.06940963251455674)	(5.0, 0.11086260748852812)	(6.0, 0.08097790460031619)	(7.0, 0.10122238075039525)	(8.0, 0.12339490224810089)	(9.0, 0.07808583657887634)	('>10', 2.2336405352253887)	('>50', 0.9746269232252343)	('>100', 2.0948212701962747)	('>500', 2.9354490417614625)	('>1k', 1.0064396714610728)	('>5k', 0.0)	('>10k+', 88.82312111980873)
NGS001-23_18S_48_S146_L001_R2_001	(1.0, 6.399182508772607)	(2.0, 0.9910153086800602)	(3.0, 0.4540546793660587)	(4.0, 0.37404079743955576)	(5.0, 0.3325878224655844)	(6.0, 0.30077507422974586)	(7.0, 0.18220028535071145)	(8.0, 0.20822889754367022)	(9.0, 0.2602861219295878)	('>10', 3.763544518567077)	('>50', 2.4775382717001504)	('>100', 5.621216211005283)	('>500', 0.5012917903829098)	('>1k', 11.307021941156057)	('>5k', 13.39798712065708)	('>10k+', 53.429028650753864)
NGS069-23_18S_29_S98_L001_R1_001	(1.0, 0.8113526721383373)	(2.0, 0.4636300983647641)	(3.0, 0.19735605538500092)	(4.0, 0.3383246663742873)	(5.0, 0.2662740429797632)	(6.0, 0.16916233318714366)	(7.0, 0.06578535179500031)	(8.0, 0.07518325919428608)	(9.0, 0.1409686109892864)	('>10', 2.878892299981204)	('>50', 1.1371467953135768)	('>100', 5.056074180815738)	('>500', 0.0)	('>1k', 0.0)	('>5k', 0.0)	('>10k+', 88.39984963348161)
NGS069-23_18S_29_S98_L001_R2_001	(1.0, 5.688866612367646)	(2.0, 1.4535430110895307)	(3.0, 1.0243719065221477)	(4.0, 0.5388133575590502)	(5.0, 0.5012217279619071)	(6.0, 0.41350792556857335)	(7.0, 0.350855209573335)	(8.0, 0.47616064156381177)	(9.0, 0.39471211077000184)	('>10', 5.435123112586931)	('>50', 5.435123112586931)	('>100', 5.933212204749076)	('>500', 4.000375916295972)	('>1k', 24.547334126934402)	('>5k', 0.0)	('>10k+', 43.80677902387068)
NGS069-23_18S_30_S102_L001_R1_001	(1.0, 0.4220621496962511)	(2.0, 0.16297449344706724)	(3.0, 0.12223087008530044)	(4.0, 0.06268249747964125)	(5.0, 0.052235414566367704)	(6.0, 0.04074362336176681)	(7.0, 0.047534227255394614)	(8.0, 0.05850366431433183)	(9.0, 0.028207123865838558)	('>10', 1.360210195308215)	('>50', 0.8801667354432958)	('>100', 2.257614617558412)	('>500', 1.4787845863738698)	('>1k', 4.812971098145121)	('>5k', 0.0)	('>10k+', 88.21307870309913)
NGS069-23_18S_30_S102_L001_R2_001	(1.0, 4.23472505889543)	(2.0, 0.8963597139588698)	(3.0, 0.5202647290810224)	(4.0, 0.37191615171253806)	(5.0, 0.3578125897796188)	(6.0, 0.26326648941449327)	(7.0, 0.22670169921803585)	(8.0, 0.1964051587695426)	(9.0, 0.26326648941449327)	('>10', 3.5044739632576096)	('>50', 2.3845466749546858)	('>100', 5.736493227678501)	('>500', 2.200155661535408)	('>1k', 17.100307666591796)	('>5k', 8.051566801259918)	('>10k+', 53.69173792447803)
NGS069-23_18S_31_S106_L001_R1_001	(1.0, 0.8216232818858941)	(2.0, 0.42232972433387084)	(3.0, 0.28795208477309375)	(4.0, 0.2457191123397067)	(5.0, 0.17277125086385625)	(6.0, 0.23036166781847503)	(7.0, 0.10750211164862167)	(8.0, 0.33786377946709667)	(9.0, 0.2073255010366275)	('>10', 2.1078092605390464)	('>50', 0.9483221991860554)	('>100', 4.319281271596406)	('>500', 0.0)	('>1k', 0.0)	('>5k', 0.0)	('>10k+', 89.79113875451125)
NGS069-23_18S_31_S106_L001_R2_001	(1.0, 5.355908776779543)	(2.0, 1.4973508408200875)	(3.0, 0.7717115871918913)	(4.0, 0.6296552253704983)	(5.0, 0.5375105582431083)	(6.0, 0.2994701681640175)	(7.0, 0.4568839745066421)	(8.0, 0.39929355755202334)	(9.0, 0.414651002073255)	('>10', 5.540198111034324)	('>50', 2.956308070337096)	('>100', 4.9335790524456735)	('>500', 8.75374337710205)	('>1k', 21.41979574598787)	('>5k', 0.0)	('>10k+', 46.033939952391925)
NGS069-23_18S_32_S110_L001_R1_001	(1.0, 1.3790587376869756)	(2.0, 0.6421014228383801)	(3.0, 0.5910251732944181)	(4.0, 0.4086099963516964)	(5.0, 0.36483035388544327)	(6.0, 0.5253557095950383)	(7.0, 0.15322874863188618)	(8.0, 0.17511856986501276)	(9.0, 0.19700839109813936)	('>10', 1.8314483765049252)	('>50', 3.334549434512951)	('>100', 2.5173294418095584)	('>500', 0.0)	('>1k', 0.0)	('>5k', 0.0)	('>10k+', 87.88033564392558)
NGS069-23_18S_32_S110_L001_R2_001	(1.0, 5.5819044144472825)	(2.0, 1.6490331995622036)	(3.0, 1.02882159795695)	(4.0, 0.7880335643925575)	(5.0, 0.40131338927398763)	(6.0, 0.6129149945275447)	(7.0, 0.45968624589565854)	(8.0, 0.4086099963516964)	(9.0, 0.5253557095950383)	('>10', 6.2021160160525355)	('>50', 2.7581174753739512)	('>100', 6.829624224735498)	('>500', 3.8015322874863187)	('>1k', 7.6760306457497265)	('>5k', 61.27690623859905)	('>10k+', 0.0)
NGS069-23_18S_35_S89_L001_R1_001	(1.0, 0.7115573502128124)	(2.0, 0.30557677616501144)	(3.0, 0.21608643457382953)	(4.0, 0.21826912583215105)	(5.0, 0.15278838808250572)	(6.0, 0.1702499181490778)	(7.0, 0.13750954927425516)	(8.0, 0.15715377059914876)	(9.0, 0.09822110662446797)	('>10', 1.8705664083815343)	('>50', 0.4998362981556259)	('>100', 6.0482374768089056)	('>500', 0.0)	('>1k', 0.0)	('>5k', 0.0)	('>10k+', 89.41394739714067)
NGS069-23_18S_35_S89_L001_R2_001	(1.0, 5.816872203426826)	(2.0, 1.3270762850594784)	(3.0, 0.7792207792207793)	(4.0, 0.5936920222634509)	(5.0, 0.5565862708719851)	(6.0, 0.5500381970970206)	(7.0, 0.32085561497326204)	(8.0, 0.38415366146458585)	(9.0, 0.2946633198734039)	('>10', 4.452690166975881)	('>50', 2.9466331987340393)	('>100', 5.834333733493398)	('>500', 4.592382407508458)	('>1k', 22.374768089053802)	('>5k', 0.0)	('>10k+', 49.17603404998363)
NGS069-23_18S_36_S94_L001_R1_001	(1.0, 0.853136936483612)	(2.0, 0.3339356373367489)	(3.0, 0.26074426476979023)	(4.0, 0.2653187255552252)	(5.0, 0.17154227945380937)	(6.0, 0.23329750005718075)	(7.0, 0.11207428924315545)	(8.0, 0.12808490199217767)	(9.0, 0.041170147068914247)	('>10', 2.154571029939846)	('>50', 0.7753711031312184)	('>100', 6.248713432904096)	('>500', 1.4501040689828688)	('>1k', 0.0)	('>5k', 0.0)	('>10k+', 86.97193568308136)
NGS069-23_18S_36_S94_L001_R2_001	(1.0, 6.036001006381373)	(2.0, 1.587337892545916)	(3.0, 0.8439880149127421)	(4.0, 0.5763820589647995)	(5.0, 0.5260629903250155)	(6.0, 0.5626586766084948)	(7.0, 0.4002653187255552)	(8.0, 0.274467647126095)	(9.0, 0.3499462500857711)	('>10', 5.628873996477665)	('>50', 2.3718579172480045)	('>100', 10.967269733080213)	('>500', 1.4135083826993893)	('>1k', 30.690057409482858)	('>5k', 37.77132270533611)	('>10k+', 0.0)
NGS069-24-18S-1_S1_L001_R1_001	(1.0, 0.5463445444497079)	(2.0, 0.26317174588136216)	(3.0, 0.1294804989736302)	(4.0, 0.11369019422074846)	(5.0, 0.07895152376440866)	(6.0, 0.06947734091267961)	(7.0, 0.08105689773145955)	(8.0, 0.09263645455023949)	(9.0, 0.06631927996210327)	('>10', 1.7727248802568558)	('>50', 1.2600663192799622)	('>100', 3.5465024474972364)	('>500', 2.5685562398020947)	('>1k', 0.0)	('>5k', 0.0)	('>10k+', 89.4110216327175)
NGS069-24-18S-1_S1_L001_R2_001	(1.0, 5.828727827780409)	(2.0, 1.4948155166061372)	(3.0, 0.8337280909521554)	(4.0, 0.48002526448760463)	(5.0, 0.4052844886572977)	(6.0, 0.3852834359703142)	(7.0, 0.27264592873309124)	(8.0, 0.2526448760461077)	(9.0, 0.3221222169587873)	('>10', 4.8455181851676405)	('>50', 2.2727511974314436)	('>100', 9.84157060897942)	('>500', 8.427811990104743)	('>1k', 30.583714932364863)	('>5k', 0.0)	('>10k+', 33.753355439759986)
NGS069-24-18S-2_S7_L001_R1_001	(1.0, 0.4956989122485228)	(2.0, 0.24378635028615872)	(3.0, 0.12885849943696961)	(4.0, 0.19038553069966682)	(5.0, 0.10447986440835373)	(6.0, 0.10447986440835373)	(7.0, 0.14627181017169524)	(8.0, 0.07429679246816266)	(9.0, 0.031343959322506124)	('>10', 1.9572561265831603)	('>50', 1.2026793280783832)	('>100', 3.945856212488826)	('>500', 0.0)	('>1k', 1.4929011736571436)	('>5k', 0.0)	('>10k+', 89.8817055757421)
NGS069-24-18S-2_S7_L001_R2_001	(1.0, 5.227475882564633)	(2.0, 1.256080147664875)	(3.0, 0.7766336587687628)	(4.0, 0.5386517453941794)	(5.0, 0.45274607910286624)	(6.0, 0.4248847819273052)	(7.0, 0.35755331375303284)	(8.0, 0.2879000708141303)	(9.0, 0.2611996610208844)	('>10', 4.613366457319976)	('>50', 2.123263022254211)	('>100', 9.05376069467501)	('>500', 6.853879105188006)	('>1k', 23.077280273040714)	('>5k', 16.890911412683856)	('>10k+', 27.804413693827563)
NGS069-24-18S-3_S12_L001_R1_001	(1.0, 0.6230529595015576)	(2.0, 0.21841339908726193)	(3.0, 0.15863710038969547)	(4.0, 0.14254348150958146)	(5.0, 0.06897265234334586)	(6.0, 0.11035624374935338)	(7.0, 0.08046809440057018)	(8.0, 0.08276718281201503)	(9.0, 0.04138359140600752)	('>10', 2.0542354956259845)	('>50', 1.0805715533790852)	('>100', 4.9648814245151796)	('>500', 1.1208056005793703)	('>1k', 0.0)	('>5k', 0.0)	('>10k+', 89.252911220701)
NGS069-24-18S-3_S12_L001_R2_001	(1.0, 5.778758722166661)	(2.0, 1.3955466657470312)	(3.0, 0.775942338862641)	(4.0, 0.5425848651009875)	(5.0, 0.3678541458311779)	(6.0, 0.26209607890471426)	(7.0, 0.3621064248025658)	(8.0, 0.23910519479026565)	(9.0, 0.38279822050556955)	('>10', 4.755664379073697)	('>50', 1.8864020415905094)	('>100', 8.565253876837833)	('>500', 9.444655194215494)	('>1k', 24.832453932015955)	('>5k', 8.836546309388329)	('>10k+', 31.57223161016657)
NGS069-24-18S-4_S17_L001_R1_001	(1.0, 0.5362965505405869)	(2.0, 0.20164750300326068)	(3.0, 0.1351467307362279)	(4.0, 0.10725931010811737)	(5.0, 0.13943710314055258)	(6.0, 0.12227561352325382)	(7.0, 0.08258966878325039)	(8.0, 0.06864595846919512)	(9.0, 0.07722670327784452)	('>10', 1.9767890852926036)	('>50', 1.0318345632400892)	('>100', 3.6993736056289688)	('>500', 1.7665608374806934)	('>1k', 0.0)	('>5k', 0.0)	('>10k+', 90.05491676677536)
NGS069-24-18S-4_S17_L001_R2_001	(1.0, 6.023682855671873)	(2.0, 1.4522910588639093)	(3.0, 0.894542646301699)	(4.0, 0.6135232538184314)	(5.0, 0.4880298609919341)	(6.0, 0.5341513643384246)	(7.0, 0.3153423717178651)	(8.0, 0.3003260683027287)	(9.0, 0.23168010983353354)	('>10', 4.5081088038441735)	('>50', 2.9893169727132314)	('>100', 8.535695898403981)	('>500', 6.321863737772439)	('>1k', 25.95460785996224)	('>5k', 8.518534408786682)	('>10k+', 32.31830272867685)
NGS069-24-18S-5_S21_L001_R1_001	(1.0, 0.5753049377079121)	(2.0, 0.22177287848150806)	(3.0, 0.19568195160133064)	(4.0, 0.1565455612810645)	(5.0, 0.11740917096079839)	(6.0, 0.0626182245124258)	(7.0, 0.10045006848868306)	(8.0, 0.09392733676863871)	(9.0, 0.046963668384319354)	('>10', 2.2503424434153025)	('>50', 1.0058052312308394)	('>100', 4.3115256669493185)	('>500', 0.0)	('>1k', 0.0)	('>5k', 0.0)	('>10k+', 90.86165286021786)
NGS069-24-18S-5_S21_L001_R2_001	(1.0, 5.64999021590242)	(2.0, 1.4010827734655273)	(3.0, 0.8531733089818015)	(4.0, 0.6574913573804709)	(5.0, 0.49572761072337096)	(6.0, 0.38353662513860803)	(7.0, 0.33787750309829756)	(8.0, 0.2713456395538451)	(9.0, 0.23481834192159678)	('>10', 4.349357510925576)	('>50', 3.0448111669167046)	('>100', 8.212119235535841)	('>500', 5.514317396125498)	('>1k', 26.69884547648555)	('>5k', 6.564477203052639)	('>10k+', 35.33102863479225)
NGS069-24-18S-6_S25_L001_R1_001	(1.0, 0.6749156355455568)	(2.0, 0.26036071333779903)	(3.0, 0.15545809582790915)	(4.0, 0.07583321747702886)	(5.0, 0.10111095663603846)	(6.0, 0.09099986097243463)	(7.0, 0.1061665044678404)	(8.0, 0.11122205229964233)	(9.0, 0.11374982621554328)	('>10', 2.5050239506578533)	('>50', 0.6534295572603986)	('>100', 5.505491588832294)	('>500', 0.0)	('>1k', 0.0)	('>5k', 0.0)	('>10k+', 89.64623804046965)
NGS069-24-18S-6_S25_L001_R2_001	(1.0, 5.840421632689172)	(2.0, 1.5040254799610722)	(3.0, 0.8569153574904261)	(4.0, 0.5763324528254193)	(5.0, 0.4739576092314303)	(6.0, 0.5004992353483905)	(7.0, 0.3361939308148279)	(8.0, 0.29322177424451157)	(9.0, 0.2957495481604125)	('>10', 4.816673196749282)	('>50', 3.322758812451814)	('>100', 10.390414681310904)	('>500', 3.401119803844744)	('>1k', 32.24681184514857)	('>5k', 18.929234969224353)	('>10k+', 16.21566967050467)
NGS069-24-18S-7_S30_L001_R1_001	(1.0, 0.5606589899512658)	(2.0, 0.2264199767110881)	(3.0, 0.16819769698537976)	(4.0, 0.08625522922327165)	(5.0, 0.1024280847026351)	(6.0, 0.07762970630094448)	(7.0, 0.12075732091258032)	(8.0, 0.06900418337861733)	(9.0, 0.06792599301332643)	('>10', 1.9353517056971576)	('>50', 0.960667615474188)	('>100', 4.093888817009531)	('>500', 0.6458360288092465)	('>1k', 1.7930305774787596)	('>5k', 0.0)	('>10k+', 89.09194807435202)
NGS069-24-18S-7_S30_L001_R2_001	(1.0, 4.325699745547073)	(2.0, 1.0178117048346056)	(3.0, 0.6113339371199379)	(4.0, 0.4916548065726485)	(5.0, 0.3396299650666322)	(6.0, 0.3169879673955234)	(7.0, 0.2264199767110881)	(8.0, 0.2760167335144693)	(9.0, 0.22318540561521544)	('>10', 4.0432138698408595)	('>50', 1.6474748781644888)	('>100', 7.223875447449002)	('>500', 6.028162332341398)	('>1k', 18.1664294647863)	('>5k', 8.914477940225126)	('>10k+', 46.14762582481563)
NGS069-24-18S-8_S35_L001_R1_001	(1.0, 0.6520381071372794)	(2.0, 0.26029465354781617)	(3.0, 0.1600812119319069)	(4.0, 0.14576500598677702)	(5.0, 0.08459576240304023)	(6.0, 0.07027955645791036)	(7.0, 0.07288250299338851)	(8.0, 0.10411786141912645)	(9.0, 0.10541933468686553)	('>10', 2.1187984798792234)	('>50', 1.2533187568327346)	('>100', 4.401582591493571)	('>500', 0.0)	('>1k', 1.6372533708157635)	('>5k', 0.0)	('>10k+', 88.9335728044146)
NGS069-24-18S-8_S35_L001_R2_001	(1.0, 5.148628247175803)	(2.0, 1.1973554063199543)	(3.0, 0.7496486022177105)	(4.0, 0.3644125149669426)	(5.0, 0.3774272476443334)	(6.0, 0.4216773387474621)	(7.0, 0.3188609505960748)	(8.0, 0.2290592951220782)	(9.0, 0.2811182258316414)	('>10', 4.4809724608256545)	('>50', 2.047217450153574)	('>100', 11.21219220157218)	('>500', 2.27887969181113)	('>1k', 17.15471914206882)	('>5k', 21.121609662137537)	('>10k+', 32.6162215628091)
NGS069-24-18S-9_S2_L001_R1_001	(1.0, 0.4751069253945178)	(2.0, 0.24650780608052586)	(3.0, 0.13589532899311044)	(4.0, 0.07584855571708489)	(5.0, 0.08427617301898321)	(6.0, 0.13905568548132227)	(7.0, 0.0958641468090934)	(8.0, 0.03371046920759328)	(9.0, 0.12325390304026293)	('>10', 1.9078018667172323)	('>50', 1.0365969281334935)	('>100', 4.842719592103323)	('>500', 0.0)	('>1k', 1.2241114131007311)	('>5k', 0.0)	('>10k+', 89.57925120620273)
NGS069-24-18S-9_S2_L001_R2_001	(1.0, 4.320207319385626)	(2.0, 1.108231675199629)	(3.0, 0.6984387838948234)	(4.0, 0.3918842045382719)	(5.0, 0.3845100393991109)	(6.0, 0.33499778775045824)	(7.0, 0.2654699450097971)	(8.0, 0.26968375366074626)	(9.0, 0.24650780608052586)	('>10', 3.601752944398795)	('>50', 2.0468575521985546)	('>100', 10.401786654868001)	('>500', 6.143733013083876)	('>1k', 13.143922634473167)	('>5k', 5.804521416682468)	('>10k+', 50.837494469376146)
