Sample	0	1	2	3	4	5	6	7	8	9	10	11	12	13	14	15
NGS001-23_ITS2_41_S55_L001_R1_001	(1.0, 2.4883047449320563)	(2.0, 0.8821563822677656)	(3.0, 0.5680552461572733)	(4.0, 0.427712185341947)	(5.0, 0.4121185119180218)	(6.0, 0.3074181332145244)	(7.0, 0.30407663176654043)	(8.0, 0.19603475161505904)	(9.0, 0.2205390955669414)	('>10', 4.781688572065048)	('>50', 2.9661394519937625)	('>100', 9.376253063042995)	('>500', 7.96057028291379)	('>1k', 24.434172421474713)	('>5k', 15.19603475161506)	('>10k+', 29.4787257741145)
NGS001-23_ITS2_41_S55_L001_R2_001	(1.0, 1.6507017153040766)	(2.0, 0.3363778124303854)	(3.0, 0.24727110715081307)	(4.0, 0.22722209846290933)	(5.0, 0.16150590331922476)	(6.0, 0.1871240810871018)	(7.0, 0.22610826464691466)	(8.0, 0.15148139897527288)	(9.0, 0.2305635999108933)	('>10', 2.237692136333259)	('>50', 1.2942748941857876)	('>100', 8.623301403430608)	('>500', 0.8487413677879261)	('>1k', 3.882824682557363)	('>5k', 6.87903764758298)	('>10k+', 72.81577188683448)
NGS001-23_ITS2_42_S61_L001_R1_001	(1.0, 3.3979908337576963)	(2.0, 1.205962686912643)	(3.0, 0.6909402342484144)	(4.0, 0.5509004212767927)	(5.0, 0.3472061478635248)	(6.0, 0.29165316420536086)	(7.0, 0.32405907133928985)	(8.0, 0.3148002407295959)	(9.0, 0.16665895097449193)	('>10', 4.818063978519513)	('>50', 2.6792741076802002)	('>100', 18.036202027683903)	('>500', 17.92856812184621)	('>1k', 42.46215452988288)	('>5k', 6.785565483079487)	('>10k+', 0.0)
NGS001-23_ITS2_42_S61_L001_R2_001	(1.0, 2.114485440488866)	(2.0, 0.5740474978010277)	(3.0, 0.3749826396926068)	(4.0, 0.29165316420536086)	(5.0, 0.1851766121938799)	(6.0, 0.27776491829081984)	(7.0, 0.11342067496875145)	(8.0, 0.19443544280357392)	(9.0, 0.15624276653858618)	('>10', 2.2996620526827463)	('>50', 1.348317207536688)	('>100', 6.2103606314522475)	('>500', 4.127123744271099)	('>1k', 15.349983797046432)	('>5k', 11.243692421647147)	('>10k+', 55.138650988380164)
NGS001-23_ITS2_43_S67_L001_R1_001	(1.0, 3.365409488333592)	(2.0, 1.2054425992032696)	(3.0, 0.7449945677479435)	(4.0, 0.5794402193595116)	(5.0, 0.41388587097107976)	(6.0, 0.3181747633090175)	(7.0, 0.31688136996223293)	(8.0, 0.2690258161312018)	(9.0, 0.22117026230017073)	('>10', 5.553831031093176)	('>50', 5.159346060323865)	('>100', 16.118267887629987)	('>500', 14.874023488023177)	('>1k', 42.966526980185215)	('>5k', 7.893579595426561)	('>10k+', 0.0)
NGS001-23_ITS2_43_S67_L001_R2_001	(1.0, 2.6307620673599255)	(2.0, 0.6622173935537276)	(3.0, 0.39965854415644886)	(4.0, 0.3414558435511408)	(5.0, 0.23281080242123234)	(6.0, 0.22505044234052463)	(7.0, 0.21729008225981686)	(8.0, 0.18624864193698587)	(9.0, 0.15132702157380104)	('>10', 3.0213668580888817)	('>50', 1.458947695173056)	('>100', 10.506234155931502)	('>500', 4.9834445651611565)	('>1k', 27.921775570386465)	('>5k', 12.64033317812613)	('>10k+', 34.4210771379792)
NGS001-23_ITS2_44_S73_L001_R1_001	(1.0, 3.9093892825373455)	(2.0, 1.3159105548909542)	(3.0, 0.6809607067267875)	(4.0, 0.5214563970430355)	(5.0, 0.3910922977822766)	(6.0, 0.44170424220115945)	(7.0, 0.30060427594245576)	(8.0, 0.40489555535106286)	(9.0, 0.3588846967884421)	('>10', 5.979877917855281)	('>50', 4.002944694948008)	('>100', 20.402748381951476)	('>500', 18.341461918346063)	('>1k', 32.81341063157572)	('>5k', 10.134658446059937)	('>10k+', 0.0)
NGS001-23_ITS2_44_S73_L001_R2_001	(1.0, 2.5827428606484464)	(2.0, 0.7392411275727738)	(3.0, 0.5199227017576148)	(4.0, 0.3190086193675041)	(5.0, 0.26072819852151774)	(6.0, 0.2116499493880556)	(7.0, 0.28986840894451094)	(8.0, 0.2085825588172142)	(9.0, 0.1656390908254348)	('>10', 3.2437655286647646)	('>50', 2.952363424434833)	('>100', 5.2053617987178304)	('>500', 6.62096254716113)	('>1k', 23.40572375080519)	('>5k', 0.0)	('>10k+', 53.27443943437318)
NGS001-23_ITS2_47_S91_L001_R1_001	(1.0, 2.7499602606898743)	(2.0, 0.9628267138996752)	(3.0, 0.5960896518836434)	(4.0, 0.5631627949224516)	(5.0, 0.5052569430251834)	(6.0, 0.34062265821922477)	(7.0, 0.25433158480368784)	(8.0, 0.2815813974612258)	(9.0, 0.18393623543838136)	('>10', 5.217203715057792)	('>50', 3.4834343847219382)	('>100', 12.98680654903831)	('>500', 6.979358266911915)	('>1k', 31.149942094148102)	('>5k', 0.0)	('>10k+', 33.7454867497786)
NGS001-23_ITS2_47_S91_L001_R2_001	(1.0, 2.228807593614461)	(2.0, 0.6153916025160661)	(3.0, 0.3474351113836093)	(4.0, 0.28612303290414876)	(5.0, 0.2100506392351886)	(6.0, 0.16349887594522788)	(7.0, 0.19869655062788108)	(8.0, 0.11808252151599792)	(9.0, 0.14306151645207438)	('>10', 2.534232577151032)	('>50', 1.5918432227445105)	('>100', 6.706860140336534)	('>500', 4.429229965710652)	('>1k', 16.346481367940598)	('>5k', 8.982219497240957)	('>10k+', 55.09798578468106)
NGS001-23_ITS2_48_S97_L001_R1_001	(1.0, 4.136511669983716)	(2.0, 1.2665098606839154)	(3.0, 0.766690790664013)	(4.0, 0.6965804233761534)	(5.0, 0.4184005789759363)	(6.0, 0.4478017007418129)	(7.0, 0.31662746517097884)	(8.0, 0.3437669621856342)	(9.0, 0.162836982087932)	('>10', 6.570019902297811)	('>50', 3.3223267595440564)	('>100', 22.299620047041795)	('>500', 20.406640130269587)	('>1k', 38.84566672697666)	('>5k', 0.0)	('>10k+', 0.0)
NGS001-23_ITS2_48_S97_L001_R2_001	(1.0, 2.6438393341776734)	(2.0, 0.7191966708883663)	(3.0, 0.48851094626379593)	(4.0, 0.3799529582051746)	(5.0, 0.3392437126831916)	(6.0, 0.2578252216392256)	(7.0, 0.2374705988782341)	(8.0, 0.1085579880586213)	(9.0, 0.12212773656594898)	('>10', 3.5597973584222906)	('>50', 2.202822507689524)	('>100', 8.845214402026416)	('>500', 2.428984982811652)	('>1k', 22.30640492129546)	('>5k', 17.360231590374525)	('>10k+', 37.9998190700199)
NGS069-23_ITS2_29_S45_L001_R1_001	(1.0, 3.046021566001832)	(2.0, 1.1191768271195996)	(3.0, 0.5962365212488547)	(4.0, 0.4228627810275566)	(5.0, 0.40171964197617877)	(6.0, 0.2960039467192896)	(7.0, 0.23680315737543167)	(8.0, 0.2819085206850377)	(9.0, 0.29177531890901404)	('>10', 5.564874198322645)	('>50', 3.8748326168158433)	('>100', 14.359010501092396)	('>500', 9.589118331101558)	('>1k', 33.4244837550215)	('>5k', 10.398195785467616)	('>10k+', 16.096976531115654)
NGS069-23_ITS2_29_S45_L001_R2_001	(1.0, 2.3299739234618366)	(2.0, 0.5497216153358235)	(3.0, 0.36789061949397417)	(4.0, 0.2875466910987385)	(5.0, 0.23962224258228204)	(6.0, 0.14377334554936924)	(7.0, 0.12826837691169216)	(8.0, 0.16914511241102262)	(9.0, 0.17760236803157375)	('>10', 2.5442243991824656)	('>50', 1.7605187116780603)	('>100', 7.232363098174642)	('>500', 4.3075621960673764)	('>1k', 17.836352103742335)	('>5k', 0.0)	('>10k+', 61.92543519627881)
NGS069-23_ITS2_30_S54_L001_R1_001	(1.0, 3.0560844845980366)	(2.0, 1.2235141595430052)	(3.0, 0.6563221650528704)	(4.0, 0.5239773663385056)	(5.0, 0.330861996785912)	(6.0, 0.2998014828019284)	(7.0, 0.2552363975205607)	(8.0, 0.22687679779605394)	(9.0, 0.3038528541911437)	('>10', 4.491620413509973)	('>50', 4.151305216815892)	('>100', 14.005590892517116)	('>500', 11.006225607368094)	('>1k', 59.46873016516091)	('>5k', 0.0)	('>10k+', 0.0)
NGS069-23_ITS2_30_S54_L001_R2_001	(1.0, 1.9419573525638427)	(2.0, 0.5293791948574592)	(3.0, 0.3848802819754487)	(4.0, 0.27009142594768326)	(5.0, 0.24983456900160703)	(6.0, 0.24308228335291499)	(7.0, 0.14179799862253373)	(8.0, 0.16205485556860996)	(9.0, 0.15800348417939472)	('>10', 2.81435265837486)	('>50', 1.2964388445488797)	('>100', 4.958878580399465)	('>500', 7.137165930667531)	('>1k', 10.618644411133168)	('>5k', 12.768572161676728)	('>10k+', 56.32486596712988)
NGS069-23_ITS2_31_S63_L001_R1_001	(1.0, 2.7204208747325236)	(2.0, 1.169399353968189)	(3.0, 0.5887884859140533)	(4.0, 0.45794660015537475)	(5.0, 0.3611781221463521)	(6.0, 0.31892709653677886)	(7.0, 0.2098921917378801)	(8.0, 0.2834907524771368)	(9.0, 0.29439424295702665)	('>10', 4.290523503836666)	('>50', 3.223344373117444)	('>100', 12.581265077482929)	('>500', 5.274563519646727)	('>1k', 49.38736012866119)	('>5k', 18.83850567662973)	('>10k+', 0.0)
NGS069-23_ITS2_31_S63_L001_R2_001	(1.0, 2.011693993539682)	(2.0, 0.616047212113778)	(3.0, 0.372081612626242)	(4.0, 0.31620122391680633)	(5.0, 0.1908110833980728)	(6.0, 0.2371509179376048)	(7.0, 0.11448665003884369)	(8.0, 0.16355235719834813)	(9.0, 0.18399640184814164)	('>10', 2.3687833067560753)	('>50', 1.6505158713933297)	('>100', 8.282563955786346)	('>500', 1.308418857586785)	('>1k', 19.92885472461872)	('>5k', 13.328154175355387)	('>10k+', 48.92668765588584)
NGS069-23_ITS2_32_S72_L001_R1_001	(1.0, 3.286689358330182)	(2.0, 1.1417868784555263)	(3.0, 0.6429304662596574)	(4.0, 0.5114628919264502)	(5.0, 0.4682406757073136)	(6.0, 0.27013885136960397)	(7.0, 0.36558791218686404)	(8.0, 0.31696291894033535)	(9.0, 0.1296666486574099)	('>10', 5.298323338195832)	('>50', 3.727916148900535)	('>100', 21.101446143317666)	('>500', 9.552109784429197)	('>1k', 53.186737983323425)	('>5k', 0.0)	('>10k+', 0.0)
NGS069-23_ITS2_32_S72_L001_R2_001	(1.0, 2.1322960001440743)	(2.0, 0.605111027067913)	(3.0, 0.35658328380787724)	(4.0, 0.2665370000180093)	(5.0, 0.20710645271669637)	(6.0, 0.28094440542438814)	(7.0, 0.08824535811407064)	(8.0, 0.17288886487654653)	(9.0, 0.19449997298611488)	('>10', 2.8400597907324365)	('>50', 1.6388423649755974)	('>100', 8.269850703261476)	('>500', 6.2456102436652445)	('>1k', 17.778738271471536)	('>5k', 0.0)	('>10k+', 58.92268626073802)
NGS069-23_ITS2_35_S26_L001_R1_001	(1.0, 2.6463918900893693)	(2.0, 1.0830999066293183)	(3.0, 0.6162464985994398)	(4.0, 0.4908630118714152)	(5.0, 0.38015206082432973)	(6.0, 0.3441376550620248)	(7.0, 0.17740429505135388)	(8.0, 0.20274776577297585)	(9.0, 0.22809123649459784)	('>10', 3.684140322795785)	('>50', 2.3422702414299055)	('>100', 8.39935974389756)	('>500', 10.205415499533146)	('>1k', 40.74429771908763)	('>5k', 28.45538215286114)	('>10k+', 0.0)
NGS069-23_ITS2_35_S26_L001_R2_001	(1.0, 1.8967587034813926)	(2.0, 0.493530745631586)	(3.0, 0.33613445378151263)	(4.0, 0.2507669734560491)	(5.0, 0.1734026944110978)	(6.0, 0.17607042817126853)	(7.0, 0.12138188608776844)	(8.0, 0.19207683073229292)	(9.0, 0.09603841536614646)	('>10', 2.2702414299052953)	('>50', 1.8620781645991729)	('>100', 3.8935574229691876)	('>500', 2.2222222222222223)	('>1k', 8.351340536214485)	('>5k', 10.790983059890623)	('>10k+', 66.8734160330799)
NGS069-23_ITS2_36_S37_L001_R1_001	(1.0, 2.1800467310320504)	(2.0, 0.9853194021954769)	(3.0, 0.6116915751884672)	(4.0, 0.4540845567164837)	(5.0, 0.44085879292862495)	(6.0, 0.2711281576511044)	(7.0, 0.23916589516377904)	(8.0, 0.22042939646431248)	(9.0, 0.12895119693162282)	('>10', 2.8876250936824936)	('>50', 1.60141956531323)	('>100', 10.657761319049508)	('>500', 9.523652074240621)	('>1k', 36.798483445752325)	('>5k', 16.816558656262398)	('>10k+', 16.182824141427503)
NGS069-23_ITS2_36_S37_L001_R2_001	(1.0, 1.5595379799850106)	(2.0, 0.38795573777719)	(3.0, 0.24137018912842217)	(4.0, 0.21161222060573998)	(5.0, 0.20940792664109684)	(6.0, 0.1785478111360931)	(7.0, 0.07715028876250937)	(8.0, 0.1498919895957325)	(9.0, 0.16862848829519905)	('>10', 1.8703434289996914)	('>50', 0.8299166776881365)	('>100', 4.652162412379314)	('>500', 3.1532425164219897)	('>1k', 5.606621699069788)	('>5k', 0.0)	('>10k+', 80.70361063351409)
NGS069-24-ITS2-1_S192_L001_R1_001	(1.0, 4.566397051295177)	(2.0, 1.624517934541483)	(3.0, 0.9726630490426947)	(4.0, 0.8327360840926932)	(5.0, 0.76789188082318)	(6.0, 0.7166990887683015)	(7.0, 0.5733592710146411)	(8.0, 0.4641479812975666)	(9.0, 0.36858810279512644)	('>10', 9.689089109586703)	('>50', 6.88713695778301)	('>100', 24.139107880277123)	('>500', 12.207774478686733)	('>1k', 36.18989112999556)	('>5k', 0.0)	('>10k+', 0.0)
NGS069-24-ITS2-1_S192_L001_R2_001	(1.0, 4.9486365653049385)	(2.0, 1.4880038223951402)	(3.0, 0.7986075560561073)	(4.0, 0.5870106822292754)	(5.0, 0.6996348247500085)	(6.0, 0.5938363878365926)	(7.0, 0.40612948363537077)	(8.0, 0.27302822429268625)	(9.0, 0.30715675232927203)	('>10', 8.900720111941572)	('>50', 3.173953107402478)	('>100', 20.272345653731954)	('>500', 5.5697757755707995)	('>1k', 51.9811610525238)	('>5k', 0.0)	('>10k+', 0.0)
NGS069-24-ITS2-2_S197_L001_R1_001	(1.0, 4.4467776302380875)	(2.0, 1.815767532347219)	(3.0, 1.019053206929562)	(4.0, 0.8646512058796283)	(5.0, 0.7411296050396813)	(6.0, 0.6484884044097212)	(7.0, 0.41070932279282335)	(8.0, 0.39526912268783004)	(9.0, 0.5002624834017848)	('>10', 9.301176543248001)	('>50', 6.768983726029089)	('>100', 28.30188679245283)	('>500', 8.590927338418306)	('>1k', 36.194917086125436)	('>5k', 0.0)	('>10k+', 0.0)
NGS069-24-ITS2-2_S197_L001_R2_001	(1.0, 4.866751073093907)	(2.0, 1.3710897693234103)	(3.0, 0.9078837661736096)	(4.0, 0.5311428836117715)	(5.0, 0.509526603464781)	(6.0, 0.31498008214186457)	(7.0, 0.6484884044097212)	(8.0, 0.4446777630238088)	(9.0, 0.30571596207886853)	('>10', 7.377327610165827)	('>50', 3.9094586665843187)	('>100', 21.736713707809656)	('>500', 4.270759349041164)	('>1k', 52.80548435907729)	('>5k', 0.0)	('>10k+', 0.0)
NGS069-24-ITS2-3_S202_L001_R1_001	(1.0, 4.619829881176547)	(2.0, 1.5193818583208882)	(3.0, 0.9642231023959483)	(4.0, 0.9609765599636386)	(5.0, 0.6980066229465619)	(6.0, 0.6428154015972989)	(7.0, 0.4999675345756769)	(8.0, 0.5194467891695345)	(9.0, 0.32140770079864944)	('>10', 9.59353288747484)	('>50', 6.8047529381209015)	('>100', 24.277644308811116)	('>500', 17.12226478800078)	('>1k', 31.455749626647624)	('>5k', 0.0)	('>10k+', 0.0)
NGS069-24-ITS2-3_S202_L001_R2_001	(1.0, 4.876306733329005)	(2.0, 1.3830270761638854)	(3.0, 0.8570872021297318)	(4.0, 0.8051425232127783)	(5.0, 0.4869813648464385)	(6.0, 0.467502110252581)	(7.0, 0.4999675345756769)	(8.0, 0.4934744497110577)	(9.0, 0.35062658268943575)	('>10', 8.337120966171028)	('>50', 3.938055970391533)	('>100', 17.29108499448088)	('>500', 11.310953834166613)	('>1k', 48.90266865787936)	('>5k', 0.0)	('>10k+', 0.0)
NGS069-24-ITS2-4_S207_L001_R1_001	(1.0, 4.717831392124237)	(2.0, 1.6638935108153077)	(3.0, 0.9983361064891847)	(4.0, 0.6794231835829173)	(5.0, 0.5719633943427621)	(6.0, 0.7071547420965058)	(7.0, 0.6066278424847477)	(8.0, 0.6100942872989462)	(9.0, 0.37437603993344426)	('>10', 10.641985579589573)	('>50', 7.123544093178038)	('>100', 26.56336661120355)	('>500', 18.5142817526345)	('>1k', 26.22712146422629)	('>5k', 0.0)	('>10k+', 0.0)
NGS069-24-ITS2-4_S207_L001_R2_001	(1.0, 5.67110371602884)	(2.0, 1.622296173044925)	(3.0, 1.0295341098169717)	(4.0, 0.7210205213533)	(5.0, 0.6412922906267332)	(6.0, 0.5199667221297837)	(7.0, 0.6794231835829173)	(8.0, 0.5546311702717693)	(9.0, 0.43677204658901825)	('>10', 7.276067665002774)	('>50', 2.949944536882973)	('>100', 13.415141430948418)	('>500', 13.664725457570714)	('>1k', 50.81808097615086)	('>5k', 0.0)	('>10k+', 0.0)
NGS069-24-ITS2-5_S211_L001_R1_001	(1.0, 4.458055276228784)	(2.0, 1.6454886187037208)	(3.0, 0.932443550598775)	(4.0, 0.8532163208093366)	(5.0, 0.5637322119633117)	(6.0, 0.7130450681049456)	(7.0, 0.511929792485602)	(8.0, 0.5606850108175641)	(9.0, 0.4662217752993875)	('>10', 10.116707803882134)	('>50', 6.807447359600208)	('>100', 20.035347533290672)	('>500', 15.452357010086235)	('>1k', 36.883322668129324)	('>5k', 0.0)	('>10k+', 0.0)
NGS069-24-ITS2-5_S211_L001_R2_001	(1.0, 5.2472803729774204)	(2.0, 1.6211110095377395)	(3.0, 1.014717981533961)	(4.0, 0.6703842520644787)	(5.0, 0.5180241947770973)	(6.0, 0.603345826858031)	(7.0, 0.40527775238443486)	(8.0, 0.39004174665569674)	(9.0, 0.3016729134290155)	('>10', 7.593625255203095)	('>50', 2.8430386689825395)	('>100', 14.800255964896241)	('>500', 15.266477740195631)	('>1k', 48.724746320504615)	('>5k', 0.0)	('>10k+', 0.0)
NGS069-24-ITS2-6_S215_L001_R1_001	(1.0, 4.946585447978205)	(2.0, 1.995775811931801)	(3.0, 1.138694174905874)	(4.0, 0.9060577305702654)	(5.0, 0.6887263154672626)	(6.0, 0.42241880681992106)	(7.0, 0.514248982215556)	(8.0, 0.514248982215556)	(9.0, 0.6336282102298816)	('>10', 9.39422694297346)	('>50', 7.453549236279041)	('>100', 20.37711592029141)	('>500', 17.034497535890296)	('>1k', 33.980225902231474)	('>5k', 0.0)	('>10k+', 0.0)
NGS069-24-ITS2-6_S215_L001_R2_001	(1.0, 5.883253237013682)	(2.0, 1.8059934494474885)	(3.0, 0.899935718877223)	(4.0, 0.881569683798096)	(5.0, 0.6887263154672626)	(6.0, 0.606079157611191)	(7.0, 0.4071137775873152)	(8.0, 0.36732070158254004)	(9.0, 0.41323578928035753)	('>10', 7.187241727631699)	('>50', 2.7579662677155716)	('>100', 16.28455110349261)	('>500', 8.613670452110563)	('>1k', 53.2033426183844)	('>5k', 0.0)	('>10k+', 0.0)
NGS069-24-ITS2-7_S220_L001_R1_001	(1.0, 4.21379593271992)	(2.0, 1.6175350172888705)	(3.0, 0.9845865322627908)	(4.0, 0.7384398991970931)	(5.0, 0.747230850378011)	(6.0, 0.4922932661313954)	(7.0, 0.5538299243978199)	(8.0, 0.46885072964894803)	(9.0, 0.4483385102268065)	('>10', 8.805602766219305)	('>50', 4.3339389321924635)	('>100', 24.453495868252944)	('>500', 7.352165504307566)	('>1k', 44.78989626677606)	('>5k', 0.0)	('>10k+', 0.0)
NGS069-24-ITS2-7_S220_L001_R2_001	(1.0, 4.706089198851315)	(2.0, 1.3538064818613373)	(3.0, 0.8790951180917775)	(4.0, 0.6212272167848562)	(5.0, 0.42489597374435917)	(6.0, 0.4922932661313954)	(7.0, 0.36921994959854654)	(8.0, 0.2813104377893688)	(9.0, 0.3428470960557933)	('>10', 6.836429701693723)	('>50', 3.8504366172419853)	('>100', 14.739494813338801)	('>500', 3.533962374728946)	('>1k', 30.11486842876399)	('>5k', 31.4540233253238)	('>10k+', 0.0)
NGS069-24-ITS2-8_S225_L001_R1_001	(1.0, 4.135470443549477)	(2.0, 1.551477146795686)	(3.0, 0.8027677919831339)	(4.0, 0.7676298078222559)	(5.0, 0.5811281995837501)	(6.0, 0.5351785279887559)	(7.0, 0.4540908722328837)	(8.0, 0.4540908722328837)	(9.0, 0.3162418574479012)	('>10', 8.065518825850743)	('>50', 5.297726842716977)	('>100', 20.750331107927668)	('>500', 3.0299754034110875)	('>1k', 53.25837230045679)	('>5k', 0.0)	('>10k+', 0.0)
NGS069-24-ITS2-8_S225_L001_R2_001	(1.0, 4.730113252425872)	(2.0, 1.502824553342163)	(3.0, 0.9730518690704651)	(4.0, 0.6270778711787443)	(5.0, 0.5000405438278779)	(6.0, 0.29191556072113956)	(7.0, 0.5108522312619942)	(8.0, 0.34597399789172095)	(9.0, 0.29191556072113956)	('>10', 6.603238100386517)	('>50', 3.935454226018326)	('>100', 11.76852177203557)	('>500', 7.433035110954942)	('>1k', 60.48598535016353)	('>5k', 0.0)	('>10k+', 0.0)
NGS069-24-ITS2-9_S193_L001_R1_001	(1.0, 4.644311899912715)	(2.0, 1.6947919697410532)	(3.0, 1.1237998254291532)	(4.0, 0.6400931044515566)	(5.0, 0.6182717486179808)	(6.0, 0.5891766075065464)	(7.0, 0.4837067209775967)	(8.0, 0.4946173988943846)	(9.0, 0.2945883037532732)	('>10', 8.946755891766076)	('>50', 6.270002909514111)	('>100', 29.24425370963049)	('>500', 4.920715740471341)	('>1k', 40.034914169333724)	('>5k', 0.0)	('>10k+', 0.0)
NGS069-24-ITS2-9_S193_L001_R2_001	(1.0, 5.069828338667443)	(2.0, 1.8257201047425078)	(3.0, 1.1128891475123655)	(4.0, 0.7710212394530114)	(5.0, 0.6364562118126273)	(6.0, 0.5455338958393948)	(7.0, 0.40733197556008144)	(8.0, 0.3782368344486471)	(9.0, 0.2618562700029095)	('>10', 7.299243526331102)	('>50', 4.004218795461158)	('>100', 17.711667151585686)	('>500', 3.9023858015711377)	('>1k', 56.07361070701194)	('>5k', 0.0)	('>10k+', 0.0)
