Sample	0	1	2	3	4	5	6	7	8	9	10	11	12	13	14	15	16	17	18	19	20	21	22	23	24	25	26	27	28	29	30	31	32	33	34	35
NGS001-23_ITS2_41_S55_L001_R1_001	(17.0, 1.0)	(18.0, 15.0)	(19.0, 56.0)	(20.0, 135.0)	(21.0, 286.0)	(22.0, 412.0)	(23.0, 415.0)	(24.0, 462.0)	(25.0, 543.0)	(26.0, 597.0)	(27.0, 754.0)	(28.0, 850.0)	(29.0, 1067.0)	(30.0, 1232.0)	(31.0, 1715.0)	(32.0, 2332.0)	(33.0, 3513.0)	(34.0, 5898.0)	(35.0, 11887.0)	(36.0, 28365.0)	(37.0, 29245.0)															
NGS001-23_ITS2_41_S55_L001_R2_001	(9.0, 1.0)	(10.0, 0.0)	(11.0, 4.0)	(12.0, 44.0)	(13.0, 86.0)	(14.0, 53.0)	(15.0, 45.0)	(16.0, 49.0)	(17.0, 78.0)	(18.0, 139.0)	(19.0, 348.0)	(20.0, 489.0)	(21.0, 567.0)	(22.0, 623.0)	(23.0, 652.0)	(24.0, 783.0)	(25.0, 1001.0)	(26.0, 1336.0)	(27.0, 1853.0)	(28.0, 2928.0)	(29.0, 4671.0)	(30.0, 7784.0)	(31.0, 11874.0)	(32.0, 15976.0)	(33.0, 17687.0)	(34.0, 13815.0)	(35.0, 5935.0)	(36.0, 954.0)	(37.0, 5.0)							
NGS001-23_ITS2_42_S61_L001_R1_001	(16.0, 1.0)	(17.0, 3.0)	(18.0, 8.0)	(19.0, 61.0)	(20.0, 151.0)	(21.0, 314.0)	(22.0, 376.0)	(23.0, 421.0)	(24.0, 488.0)	(25.0, 522.0)	(26.0, 649.0)	(27.0, 747.0)	(28.0, 830.0)	(29.0, 1154.0)	(30.0, 1395.0)	(31.0, 1902.0)	(32.0, 2722.0)	(33.0, 4089.0)	(34.0, 6751.0)	(35.0, 12277.0)	(36.0, 26043.0)	(37.0, 25500.0)														
NGS001-23_ITS2_42_S61_L001_R2_001	(10.0, 2.0)	(11.0, 3.0)	(12.0, 36.0)	(13.0, 68.0)	(14.0, 66.0)	(15.0, 40.0)	(16.0, 55.0)	(17.0, 87.0)	(18.0, 185.0)	(19.0, 390.0)	(20.0, 562.0)	(21.0, 597.0)	(22.0, 593.0)	(23.0, 709.0)	(24.0, 803.0)	(25.0, 993.0)	(26.0, 1316.0)	(27.0, 1909.0)	(28.0, 2663.0)	(29.0, 4215.0)	(30.0, 6558.0)	(31.0, 9977.0)	(32.0, 13551.0)	(33.0, 15633.0)	(34.0, 14801.0)	(35.0, 8551.0)	(36.0, 2018.0)	(37.0, 23.0)								
NGS001-23_ITS2_43_S67_L001_R1_001	(16.0, 1.0)	(17.0, 4.0)	(18.0, 18.0)	(19.0, 56.0)	(20.0, 141.0)	(21.0, 263.0)	(22.0, 329.0)	(23.0, 406.0)	(24.0, 494.0)	(25.0, 515.0)	(26.0, 679.0)	(27.0, 781.0)	(28.0, 915.0)	(29.0, 1104.0)	(30.0, 1335.0)	(31.0, 1711.0)	(32.0, 2284.0)	(33.0, 3461.0)	(34.0, 5676.0)	(35.0, 10679.0)	(36.0, 23936.0)	(37.0, 22528.0)														
NGS001-23_ITS2_43_S67_L001_R2_001	(10.0, 1.0)	(11.0, 3.0)	(12.0, 43.0)	(13.0, 62.0)	(14.0, 58.0)	(15.0, 42.0)	(16.0, 76.0)	(17.0, 101.0)	(18.0, 197.0)	(19.0, 427.0)	(20.0, 523.0)	(21.0, 610.0)	(22.0, 670.0)	(23.0, 781.0)	(24.0, 960.0)	(25.0, 1165.0)	(26.0, 1544.0)	(27.0, 2180.0)	(28.0, 3301.0)	(29.0, 5019.0)	(30.0, 7518.0)	(31.0, 10264.0)	(32.0, 12408.0)	(33.0, 12894.0)	(34.0, 10722.0)	(35.0, 5054.0)	(36.0, 691.0)	(37.0, 2.0)								
NGS001-23_ITS2_44_S73_L001_R1_001	(17.0, 5.0)	(18.0, 19.0)	(19.0, 54.0)	(20.0, 167.0)	(21.0, 288.0)	(22.0, 338.0)	(23.0, 395.0)	(24.0, 437.0)	(25.0, 516.0)	(26.0, 614.0)	(27.0, 685.0)	(28.0, 762.0)	(29.0, 1045.0)	(30.0, 1296.0)	(31.0, 1800.0)	(32.0, 2468.0)	(33.0, 3774.0)	(34.0, 6078.0)	(35.0, 10918.0)	(36.0, 20223.0)	(37.0, 13320.0)															
NGS001-23_ITS2_44_S73_L001_R2_001	(10.0, 1.0)	(11.0, 5.0)	(12.0, 29.0)	(13.0, 56.0)	(14.0, 39.0)	(15.0, 43.0)	(16.0, 65.0)	(17.0, 98.0)	(18.0, 196.0)	(19.0, 419.0)	(20.0, 543.0)	(21.0, 537.0)	(22.0, 555.0)	(23.0, 682.0)	(24.0, 775.0)	(25.0, 1035.0)	(26.0, 1331.0)	(27.0, 2051.0)	(28.0, 3032.0)	(29.0, 4696.0)	(30.0, 7452.0)	(31.0, 10036.0)	(32.0, 10837.0)	(33.0, 10310.0)	(34.0, 7251.0)	(35.0, 2822.0)	(36.0, 306.0)									
NGS001-23_ITS2_47_S91_L001_R1_001	(17.0, 4.0)	(18.0, 10.0)	(19.0, 62.0)	(20.0, 142.0)	(21.0, 320.0)	(22.0, 375.0)	(23.0, 439.0)	(24.0, 538.0)	(25.0, 662.0)	(26.0, 815.0)	(27.0, 858.0)	(28.0, 1088.0)	(29.0, 1298.0)	(30.0, 1752.0)	(31.0, 2230.0)	(32.0, 3089.0)	(33.0, 4772.0)	(34.0, 8131.0)	(35.0, 15123.0)	(36.0, 28393.0)	(37.0, 17973.0)															
NGS001-23_ITS2_47_S91_L001_R2_001	(11.0, 10.0)	(12.0, 53.0)	(13.0, 76.0)	(14.0, 57.0)	(15.0, 49.0)	(16.0, 86.0)	(17.0, 128.0)	(18.0, 233.0)	(19.0, 501.0)	(20.0, 616.0)	(21.0, 753.0)	(22.0, 882.0)	(23.0, 931.0)	(24.0, 1225.0)	(25.0, 1513.0)	(26.0, 2007.0)	(27.0, 2984.0)	(28.0, 4057.0)	(29.0, 6254.0)	(30.0, 8832.0)	(31.0, 11998.0)	(32.0, 14841.0)	(33.0, 13958.0)	(34.0, 9747.0)	(35.0, 5178.0)	(36.0, 1104.0)	(37.0, 1.0)									
NGS001-23_ITS2_48_S97_L001_R1_001	(17.0, 2.0)	(18.0, 8.0)	(19.0, 29.0)	(20.0, 56.0)	(21.0, 127.0)	(22.0, 162.0)	(23.0, 209.0)	(24.0, 240.0)	(25.0, 290.0)	(26.0, 377.0)	(27.0, 389.0)	(28.0, 480.0)	(29.0, 603.0)	(30.0, 699.0)	(31.0, 971.0)	(32.0, 1321.0)	(33.0, 2005.0)	(34.0, 3340.0)	(35.0, 6241.0)	(36.0, 14185.0)	(37.0, 12482.0)															
NGS001-23_ITS2_48_S97_L001_R2_001	(9.0, 1.0)	(10.0, 0.0)	(11.0, 4.0)	(12.0, 31.0)	(13.0, 39.0)	(14.0, 31.0)	(15.0, 28.0)	(16.0, 48.0)	(17.0, 71.0)	(18.0, 107.0)	(19.0, 184.0)	(20.0, 276.0)	(21.0, 316.0)	(22.0, 379.0)	(23.0, 457.0)	(24.0, 561.0)	(25.0, 755.0)	(26.0, 1005.0)	(27.0, 1325.0)	(28.0, 1803.0)	(29.0, 2562.0)	(30.0, 3599.0)	(31.0, 5169.0)	(32.0, 6680.0)	(33.0, 7490.0)	(34.0, 6723.0)	(35.0, 3980.0)	(36.0, 589.0)	(37.0, 3.0)							
NGS069-23_ITS2_29_S45_L001_R1_001	(13.0, 2.0)	(14.0, 13.0)	(15.0, 41.0)	(16.0, 30.0)	(17.0, 14.0)	(18.0, 15.0)	(19.0, 29.0)	(20.0, 73.0)	(21.0, 148.0)	(22.0, 188.0)	(23.0, 223.0)	(24.0, 218.0)	(25.0, 274.0)	(26.0, 448.0)	(27.0, 529.0)	(28.0, 520.0)	(29.0, 521.0)	(30.0, 669.0)	(31.0, 767.0)	(32.0, 1016.0)	(33.0, 1460.0)	(34.0, 2376.0)	(35.0, 4635.0)	(36.0, 12353.0)	(37.0, 44383.0)											
NGS069-23_ITS2_29_S45_L001_R2_001	(11.0, 14.0)	(12.0, 93.0)	(13.0, 114.0)	(14.0, 99.0)	(15.0, 53.0)	(16.0, 40.0)	(17.0, 60.0)	(18.0, 78.0)	(19.0, 173.0)	(20.0, 266.0)	(21.0, 324.0)	(22.0, 357.0)	(23.0, 366.0)	(24.0, 458.0)	(25.0, 560.0)	(26.0, 721.0)	(27.0, 1089.0)	(28.0, 1762.0)	(29.0, 2989.0)	(30.0, 4777.0)	(31.0, 8051.0)	(32.0, 10970.0)	(33.0, 11757.0)	(34.0, 11236.0)	(35.0, 9808.0)	(36.0, 4577.0)	(37.0, 153.0)									
NGS069-23_ITS2_30_S54_L001_R1_001	(15.0, 4.0)	(16.0, 9.0)	(17.0, 5.0)	(18.0, 21.0)	(19.0, 39.0)	(20.0, 86.0)	(21.0, 181.0)	(22.0, 241.0)	(23.0, 218.0)	(24.0, 280.0)	(25.0, 318.0)	(26.0, 405.0)	(27.0, 407.0)	(28.0, 462.0)	(29.0, 474.0)	(30.0, 624.0)	(31.0, 795.0)	(32.0, 1103.0)	(33.0, 1588.0)	(34.0, 2767.0)	(35.0, 5496.0)	(36.0, 13421.0)	(37.0, 45105.0)													
NGS069-23_ITS2_30_S54_L001_R2_001	(11.0, 7.0)	(12.0, 72.0)	(13.0, 123.0)	(14.0, 62.0)	(15.0, 47.0)	(16.0, 49.0)	(17.0, 52.0)	(18.0, 72.0)	(19.0, 188.0)	(20.0, 296.0)	(21.0, 324.0)	(22.0, 325.0)	(23.0, 358.0)	(24.0, 418.0)	(25.0, 535.0)	(26.0, 616.0)	(27.0, 985.0)	(28.0, 1544.0)	(29.0, 2443.0)	(30.0, 3944.0)	(31.0, 6173.0)	(32.0, 8661.0)	(33.0, 10478.0)	(34.0, 12458.0)	(35.0, 14141.0)	(36.0, 9137.0)	(37.0, 541.0)									
NGS069-23_ITS2_31_S63_L001_R1_001	(14.0, 2.0)	(15.0, 6.0)	(16.0, 8.0)	(17.0, 9.0)	(18.0, 8.0)	(19.0, 35.0)	(20.0, 60.0)	(21.0, 123.0)	(22.0, 164.0)	(23.0, 181.0)	(24.0, 179.0)	(25.0, 220.0)	(26.0, 283.0)	(27.0, 368.0)	(28.0, 340.0)	(29.0, 401.0)	(30.0, 527.0)	(31.0, 604.0)	(32.0, 771.0)	(33.0, 1148.0)	(34.0, 1800.0)	(35.0, 3642.0)	(36.0, 10250.0)	(37.0, 52242.0)												
NGS069-23_ITS2_31_S63_L001_R2_001	(11.0, 6.0)	(12.0, 72.0)	(13.0, 117.0)	(14.0, 68.0)	(15.0, 22.0)	(16.0, 29.0)	(17.0, 47.0)	(18.0, 72.0)	(19.0, 142.0)	(20.0, 295.0)	(21.0, 280.0)	(22.0, 330.0)	(23.0, 319.0)	(24.0, 375.0)	(25.0, 485.0)	(26.0, 644.0)	(27.0, 909.0)	(28.0, 1331.0)	(29.0, 1917.0)	(30.0, 3046.0)	(31.0, 4571.0)	(32.0, 6675.0)	(33.0, 9699.0)	(34.0, 12344.0)	(35.0, 14524.0)	(36.0, 13697.0)	(37.0, 1355.0)									
NGS069-23_ITS2_32_S72_L001_R1_001	(15.0, 5.0)	(16.0, 3.0)	(17.0, 5.0)	(18.0, 5.0)	(19.0, 21.0)	(20.0, 39.0)	(21.0, 78.0)	(22.0, 106.0)	(23.0, 128.0)	(24.0, 139.0)	(25.0, 194.0)	(26.0, 213.0)	(27.0, 224.0)	(28.0, 258.0)	(29.0, 295.0)	(30.0, 436.0)	(31.0, 503.0)	(32.0, 722.0)	(33.0, 1012.0)	(34.0, 1657.0)	(35.0, 3183.0)	(36.0, 9139.0)	(37.0, 37162.0)													
NGS069-23_ITS2_32_S72_L001_R2_001	(11.0, 2.0)	(12.0, 38.0)	(13.0, 70.0)	(14.0, 36.0)	(15.0, 29.0)	(16.0, 40.0)	(17.0, 45.0)	(18.0, 53.0)	(19.0, 112.0)	(20.0, 185.0)	(21.0, 232.0)	(22.0, 223.0)	(23.0, 267.0)	(24.0, 300.0)	(25.0, 384.0)	(26.0, 486.0)	(27.0, 725.0)	(28.0, 1001.0)	(29.0, 1577.0)	(30.0, 2715.0)	(31.0, 4354.0)	(32.0, 6382.0)	(33.0, 8510.0)	(34.0, 10732.0)	(35.0, 11558.0)	(36.0, 5334.0)	(37.0, 137.0)									
NGS069-23_ITS2_35_S26_L001_R1_001	(13.0, 3.0)	(14.0, 17.0)	(15.0, 43.0)	(16.0, 25.0)	(17.0, 17.0)	(18.0, 19.0)	(19.0, 31.0)	(20.0, 53.0)	(21.0, 107.0)	(22.0, 157.0)	(23.0, 166.0)	(24.0, 202.0)	(25.0, 234.0)	(26.0, 325.0)	(27.0, 486.0)	(28.0, 440.0)	(29.0, 425.0)	(30.0, 542.0)	(31.0, 739.0)	(32.0, 886.0)	(33.0, 1175.0)	(34.0, 1864.0)	(35.0, 3669.0)	(36.0, 10802.0)	(37.0, 52543.0)											
NGS069-23_ITS2_35_S26_L001_R2_001	(11.0, 5.0)	(12.0, 55.0)	(13.0, 120.0)	(14.0, 115.0)	(15.0, 49.0)	(16.0, 52.0)	(17.0, 57.0)	(18.0, 73.0)	(19.0, 152.0)	(20.0, 292.0)	(21.0, 354.0)	(22.0, 405.0)	(23.0, 420.0)	(24.0, 513.0)	(25.0, 575.0)	(26.0, 728.0)	(27.0, 1017.0)	(28.0, 1340.0)	(29.0, 2328.0)	(30.0, 3973.0)	(31.0, 6511.0)	(32.0, 10077.0)	(33.0, 12353.0)	(34.0, 13905.0)	(35.0, 13025.0)	(36.0, 6175.0)	(37.0, 301.0)									
NGS069-23_ITS2_36_S37_L001_R1_001	(14.0, 2.0)	(15.0, 2.0)	(16.0, 8.0)	(17.0, 8.0)	(18.0, 12.0)	(19.0, 26.0)	(20.0, 55.0)	(21.0, 151.0)	(22.0, 199.0)	(23.0, 244.0)	(24.0, 232.0)	(25.0, 280.0)	(26.0, 267.0)	(27.0, 324.0)	(28.0, 393.0)	(29.0, 559.0)	(30.0, 883.0)	(31.0, 705.0)	(32.0, 939.0)	(33.0, 1299.0)	(34.0, 2137.0)	(35.0, 4158.0)	(36.0, 12362.0)	(37.0, 65487.0)												
NGS069-23_ITS2_36_S37_L001_R2_001	(11.0, 4.0)	(12.0, 52.0)	(13.0, 120.0)	(14.0, 99.0)	(15.0, 53.0)	(16.0, 36.0)	(17.0, 48.0)	(18.0, 77.0)	(19.0, 163.0)	(20.0, 302.0)	(21.0, 358.0)	(22.0, 423.0)	(23.0, 382.0)	(24.0, 453.0)	(25.0, 580.0)	(26.0, 741.0)	(27.0, 1032.0)	(28.0, 1612.0)	(29.0, 2707.0)	(30.0, 4172.0)	(31.0, 6864.0)	(32.0, 9789.0)	(33.0, 13124.0)	(34.0, 17945.0)	(35.0, 19902.0)	(36.0, 9402.0)	(37.0, 292.0)									
NGS069-24-ITS2-1_S192_L001_R1_001	(2.0, 7.0)	(3.0, 0.0)	(4.0, 0.0)	(5.0, 0.0)	(6.0, 0.0)	(7.0, 0.0)	(8.0, 0.0)	(9.0, 0.0)	(10.0, 0.0)	(11.0, 0.0)	(12.0, 0.0)	(13.0, 0.0)	(14.0, 0.0)	(15.0, 0.0)	(16.0, 0.0)	(17.0, 1.0)	(18.0, 8.0)	(19.0, 22.0)	(20.0, 54.0)	(21.0, 70.0)	(22.0, 129.0)	(23.0, 139.0)	(24.0, 208.0)	(25.0, 227.0)	(26.0, 296.0)	(27.0, 363.0)	(28.0, 430.0)	(29.0, 515.0)	(30.0, 736.0)	(31.0, 936.0)	(32.0, 1284.0)	(33.0, 1926.0)	(34.0, 2790.0)	(35.0, 4693.0)	(36.0, 7926.0)	(37.0, 6541.0)
NGS069-24-ITS2-1_S192_L001_R2_001	(2.0, 11.0)	(3.0, 0.0)	(4.0, 0.0)	(5.0, 0.0)	(6.0, 2.0)	(7.0, 2.0)	(8.0, 0.0)	(9.0, 2.0)	(10.0, 1.0)	(11.0, 14.0)	(12.0, 47.0)	(13.0, 55.0)	(14.0, 58.0)	(15.0, 58.0)	(16.0, 74.0)	(17.0, 28.0)	(18.0, 66.0)	(19.0, 158.0)	(20.0, 169.0)	(21.0, 184.0)	(22.0, 200.0)	(23.0, 263.0)	(24.0, 350.0)	(25.0, 436.0)	(26.0, 658.0)	(27.0, 936.0)	(28.0, 1428.0)	(29.0, 2075.0)	(30.0, 2848.0)	(31.0, 3765.0)	(32.0, 4129.0)	(33.0, 4206.0)	(34.0, 3891.0)	(35.0, 2503.0)	(36.0, 657.0)	(37.0, 27.0)
NGS069-24-ITS2-2_S197_L001_R1_001	(2.0, 4.0)	(3.0, 0.0)	(4.0, 0.0)	(5.0, 0.0)	(6.0, 0.0)	(7.0, 0.0)	(8.0, 0.0)	(9.0, 0.0)	(10.0, 0.0)	(11.0, 0.0)	(12.0, 0.0)	(13.0, 0.0)	(14.0, 0.0)	(15.0, 0.0)	(16.0, 1.0)	(17.0, 3.0)	(18.0, 12.0)	(19.0, 36.0)	(20.0, 79.0)	(21.0, 104.0)	(22.0, 135.0)	(23.0, 187.0)	(24.0, 241.0)	(25.0, 313.0)	(26.0, 386.0)	(27.0, 463.0)	(28.0, 526.0)	(29.0, 681.0)	(30.0, 924.0)	(31.0, 1218.0)	(32.0, 1607.0)	(33.0, 2283.0)	(34.0, 3393.0)	(35.0, 5259.0)	(36.0, 8261.0)	(37.0, 6267.0)
NGS069-24-ITS2-2_S197_L001_R2_001	(2.0, 10.0)	(3.0, 0.0)	(4.0, 0.0)	(5.0, 0.0)	(6.0, 1.0)	(7.0, 2.0)	(8.0, 5.0)	(9.0, 3.0)	(10.0, 1.0)	(11.0, 12.0)	(12.0, 63.0)	(13.0, 64.0)	(14.0, 68.0)	(15.0, 67.0)	(16.0, 63.0)	(17.0, 46.0)	(18.0, 71.0)	(19.0, 173.0)	(20.0, 181.0)	(21.0, 186.0)	(22.0, 212.0)	(23.0, 282.0)	(24.0, 334.0)	(25.0, 447.0)	(26.0, 644.0)	(27.0, 978.0)	(28.0, 1440.0)	(29.0, 2091.0)	(30.0, 3065.0)	(31.0, 4042.0)	(32.0, 4722.0)	(33.0, 4736.0)	(34.0, 4319.0)	(35.0, 3169.0)	(36.0, 861.0)	(37.0, 25.0)
NGS069-24-ITS2-3_S202_L001_R1_001	(2.0, 6.0)	(3.0, 0.0)	(4.0, 0.0)	(5.0, 0.0)	(6.0, 0.0)	(7.0, 0.0)	(8.0, 0.0)	(9.0, 0.0)	(10.0, 0.0)	(11.0, 0.0)	(12.0, 0.0)	(13.0, 0.0)	(14.0, 0.0)	(15.0, 0.0)	(16.0, 0.0)	(17.0, 2.0)	(18.0, 10.0)	(19.0, 25.0)	(20.0, 53.0)	(21.0, 90.0)	(22.0, 126.0)	(23.0, 200.0)	(24.0, 207.0)	(25.0, 269.0)	(26.0, 339.0)	(27.0, 406.0)	(28.0, 516.0)	(29.0, 665.0)	(30.0, 865.0)	(31.0, 1170.0)	(32.0, 1559.0)	(33.0, 2309.0)	(34.0, 3387.0)	(35.0, 5037.0)	(36.0, 7912.0)	(37.0, 5649.0)
NGS069-24-ITS2-3_S202_L001_R2_001	(2.0, 9.0)	(3.0, 0.0)	(4.0, 0.0)	(5.0, 1.0)	(6.0, 1.0)	(7.0, 4.0)	(8.0, 1.0)	(9.0, 0.0)	(10.0, 0.0)	(11.0, 9.0)	(12.0, 55.0)	(13.0, 78.0)	(14.0, 55.0)	(15.0, 71.0)	(16.0, 48.0)	(17.0, 45.0)	(18.0, 70.0)	(19.0, 130.0)	(20.0, 179.0)	(21.0, 184.0)	(22.0, 226.0)	(23.0, 248.0)	(24.0, 341.0)	(25.0, 402.0)	(26.0, 615.0)	(27.0, 895.0)	(28.0, 1367.0)	(29.0, 2168.0)	(30.0, 2953.0)	(31.0, 3809.0)	(32.0, 4541.0)	(33.0, 4486.0)	(34.0, 4197.0)	(35.0, 2824.0)	(36.0, 762.0)	(37.0, 28.0)
NGS069-24-ITS2-4_S207_L001_R1_001	(2.0, 8.0)	(3.0, 0.0)	(4.0, 0.0)	(5.0, 0.0)	(6.0, 0.0)	(7.0, 0.0)	(8.0, 0.0)	(9.0, 0.0)	(10.0, 0.0)	(11.0, 0.0)	(12.0, 0.0)	(13.0, 0.0)	(14.0, 0.0)	(15.0, 0.0)	(16.0, 0.0)	(17.0, 5.0)	(18.0, 10.0)	(19.0, 20.0)	(20.0, 47.0)	(21.0, 66.0)	(22.0, 96.0)	(23.0, 142.0)	(24.0, 180.0)	(25.0, 269.0)	(26.0, 306.0)	(27.0, 355.0)	(28.0, 401.0)	(29.0, 498.0)	(30.0, 654.0)	(31.0, 868.0)	(32.0, 1296.0)	(33.0, 1610.0)	(34.0, 2714.0)	(35.0, 4302.0)	(36.0, 7563.0)	(37.0, 7438.0)
NGS069-24-ITS2-4_S207_L001_R2_001	(2.0, 11.0)	(3.0, 0.0)	(4.0, 0.0)	(5.0, 0.0)	(6.0, 1.0)	(7.0, 2.0)	(8.0, 4.0)	(9.0, 0.0)	(10.0, 2.0)	(11.0, 9.0)	(12.0, 57.0)	(13.0, 71.0)	(14.0, 84.0)	(15.0, 70.0)	(16.0, 76.0)	(17.0, 36.0)	(18.0, 58.0)	(19.0, 109.0)	(20.0, 184.0)	(21.0, 199.0)	(22.0, 257.0)	(23.0, 290.0)	(24.0, 383.0)	(25.0, 506.0)	(26.0, 679.0)	(27.0, 1040.0)	(28.0, 1483.0)	(29.0, 2060.0)	(30.0, 2764.0)	(31.0, 3530.0)	(32.0, 3760.0)	(33.0, 3791.0)	(34.0, 3662.0)	(35.0, 2662.0)	(36.0, 969.0)	(37.0, 39.0)
NGS069-24-ITS2-5_S211_L001_R1_001	(2.0, 5.0)	(3.0, 0.0)	(4.0, 0.0)	(5.0, 0.0)	(6.0, 0.0)	(7.0, 0.0)	(8.0, 0.0)	(9.0, 0.0)	(10.0, 0.0)	(11.0, 0.0)	(12.0, 0.0)	(13.0, 0.0)	(14.0, 0.0)	(15.0, 0.0)	(16.0, 0.0)	(17.0, 2.0)	(18.0, 4.0)	(19.0, 19.0)	(20.0, 51.0)	(21.0, 85.0)	(22.0, 127.0)	(23.0, 148.0)	(24.0, 217.0)	(25.0, 286.0)	(26.0, 422.0)	(27.0, 364.0)	(28.0, 409.0)	(29.0, 545.0)	(30.0, 659.0)	(31.0, 948.0)	(32.0, 1220.0)	(33.0, 1790.0)	(34.0, 2751.0)	(35.0, 4610.0)	(36.0, 8622.0)	(37.0, 9533.0)
NGS069-24-ITS2-5_S211_L001_R2_001	(2.0, 12.0)	(3.0, 0.0)	(4.0, 0.0)	(5.0, 0.0)	(6.0, 1.0)	(7.0, 1.0)	(8.0, 0.0)	(9.0, 1.0)	(10.0, 7.0)	(11.0, 8.0)	(12.0, 55.0)	(13.0, 64.0)	(14.0, 73.0)	(15.0, 84.0)	(16.0, 90.0)	(17.0, 37.0)	(18.0, 59.0)	(19.0, 106.0)	(20.0, 165.0)	(21.0, 207.0)	(22.0, 231.0)	(23.0, 262.0)	(24.0, 380.0)	(25.0, 487.0)	(26.0, 639.0)	(27.0, 939.0)	(28.0, 1343.0)	(29.0, 1970.0)	(30.0, 2753.0)	(31.0, 3702.0)	(32.0, 4421.0)	(33.0, 4540.0)	(34.0, 4551.0)	(35.0, 3739.0)	(36.0, 1814.0)	(37.0, 76.0)
NGS069-24-ITS2-6_S215_L001_R1_001	(2.0, 4.0)	(3.0, 0.0)	(4.0, 0.0)	(5.0, 0.0)	(6.0, 0.0)	(7.0, 1.0)	(8.0, 0.0)	(9.0, 0.0)	(10.0, 0.0)	(11.0, 0.0)	(12.0, 0.0)	(13.0, 0.0)	(14.0, 0.0)	(15.0, 0.0)	(16.0, 0.0)	(17.0, 1.0)	(18.0, 9.0)	(19.0, 27.0)	(20.0, 59.0)	(21.0, 109.0)	(22.0, 113.0)	(23.0, 155.0)	(24.0, 221.0)	(25.0, 327.0)	(26.0, 361.0)	(27.0, 419.0)	(28.0, 480.0)	(29.0, 629.0)	(30.0, 786.0)	(31.0, 1064.0)	(32.0, 1478.0)	(33.0, 2038.0)	(34.0, 3059.0)	(35.0, 4970.0)	(36.0, 8518.0)	(37.0, 7841.0)
NGS069-24-ITS2-6_S215_L001_R2_001	(2.0, 10.0)	(3.0, 0.0)	(4.0, 0.0)	(5.0, 1.0)	(6.0, 1.0)	(7.0, 2.0)	(8.0, 3.0)	(9.0, 5.0)	(10.0, 1.0)	(11.0, 12.0)	(12.0, 60.0)	(13.0, 72.0)	(14.0, 84.0)	(15.0, 86.0)	(16.0, 79.0)	(17.0, 36.0)	(18.0, 69.0)	(19.0, 158.0)	(20.0, 181.0)	(21.0, 230.0)	(22.0, 257.0)	(23.0, 289.0)	(24.0, 398.0)	(25.0, 490.0)	(26.0, 739.0)	(27.0, 1015.0)	(28.0, 1424.0)	(29.0, 2021.0)	(30.0, 2839.0)	(31.0, 3642.0)	(32.0, 4176.0)	(33.0, 4374.0)	(34.0, 4576.0)	(35.0, 3695.0)	(36.0, 1574.0)	(37.0, 70.0)
NGS069-24-ITS2-7_S220_L001_R1_001	(2.0, 3.0)	(3.0, 0.0)	(4.0, 0.0)	(5.0, 0.0)	(6.0, 0.0)	(7.0, 0.0)	(8.0, 0.0)	(9.0, 0.0)	(10.0, 0.0)	(11.0, 0.0)	(12.0, 0.0)	(13.0, 0.0)	(14.0, 0.0)	(15.0, 0.0)	(16.0, 1.0)	(17.0, 3.0)	(18.0, 6.0)	(19.0, 29.0)	(20.0, 56.0)	(21.0, 99.0)	(22.0, 113.0)	(23.0, 153.0)	(24.0, 190.0)	(25.0, 286.0)	(26.0, 355.0)	(27.0, 439.0)	(28.0, 492.0)	(29.0, 696.0)	(30.0, 934.0)	(31.0, 1107.0)	(32.0, 1548.0)	(33.0, 2255.0)	(34.0, 3541.0)	(35.0, 5683.0)	(36.0, 9004.0)	(37.0, 7133.0)
NGS069-24-ITS2-7_S220_L001_R2_001	(2.0, 10.0)	(3.0, 0.0)	(4.0, 0.0)	(5.0, 1.0)	(6.0, 1.0)	(7.0, 1.0)	(8.0, 4.0)	(9.0, 3.0)	(10.0, 2.0)	(11.0, 4.0)	(12.0, 55.0)	(13.0, 71.0)	(14.0, 65.0)	(15.0, 94.0)	(16.0, 84.0)	(17.0, 28.0)	(18.0, 61.0)	(19.0, 110.0)	(20.0, 143.0)	(21.0, 164.0)	(22.0, 194.0)	(23.0, 258.0)	(24.0, 351.0)	(25.0, 466.0)	(26.0, 632.0)	(27.0, 881.0)	(28.0, 1443.0)	(29.0, 2123.0)	(30.0, 2978.0)	(31.0, 3804.0)	(32.0, 4830.0)	(33.0, 5429.0)	(34.0, 5495.0)	(35.0, 3504.0)	(36.0, 806.0)	(37.0, 31.0)
NGS069-24-ITS2-8_S225_L001_R1_001	(2.0, 4.0)	(3.0, 0.0)	(4.0, 0.0)	(5.0, 0.0)	(6.0, 0.0)	(7.0, 0.0)	(8.0, 0.0)	(9.0, 0.0)	(10.0, 0.0)	(11.0, 0.0)	(12.0, 0.0)	(13.0, 0.0)	(14.0, 0.0)	(15.0, 1.0)	(16.0, 2.0)	(17.0, 1.0)	(18.0, 14.0)	(19.0, 19.0)	(20.0, 66.0)	(21.0, 90.0)	(22.0, 110.0)	(23.0, 164.0)	(24.0, 178.0)	(25.0, 246.0)	(26.0, 339.0)	(27.0, 413.0)	(28.0, 530.0)	(29.0, 660.0)	(30.0, 826.0)	(31.0, 1090.0)	(32.0, 1461.0)	(33.0, 2073.0)	(34.0, 3201.0)	(35.0, 5347.0)	(36.0, 10329.0)	(37.0, 9833.0)
NGS069-24-ITS2-8_S225_L001_R2_001	(2.0, 12.0)	(3.0, 0.0)	(4.0, 0.0)	(5.0, 3.0)	(6.0, 1.0)	(7.0, 0.0)	(8.0, 2.0)	(9.0, 5.0)	(10.0, 0.0)	(11.0, 6.0)	(12.0, 57.0)	(13.0, 69.0)	(14.0, 85.0)	(15.0, 83.0)	(16.0, 78.0)	(17.0, 47.0)	(18.0, 92.0)	(19.0, 138.0)	(20.0, 193.0)	(21.0, 192.0)	(22.0, 254.0)	(23.0, 303.0)	(24.0, 371.0)	(25.0, 490.0)	(26.0, 693.0)	(27.0, 985.0)	(28.0, 1403.0)	(29.0, 2019.0)	(30.0, 2833.0)	(31.0, 3793.0)	(32.0, 4739.0)	(33.0, 5735.0)	(34.0, 6201.0)	(35.0, 4635.0)	(36.0, 1438.0)	(37.0, 42.0)
NGS069-24-ITS2-9_S193_L001_R1_001	(2.0, 5.0)	(3.0, 0.0)	(4.0, 0.0)	(5.0, 0.0)	(6.0, 0.0)	(7.0, 0.0)	(8.0, 0.0)	(9.0, 0.0)	(10.0, 0.0)	(11.0, 0.0)	(12.0, 0.0)	(13.0, 0.0)	(14.0, 0.0)	(15.0, 0.0)	(16.0, 0.0)	(17.0, 2.0)	(18.0, 2.0)	(19.0, 14.0)	(20.0, 44.0)	(21.0, 60.0)	(22.0, 78.0)	(23.0, 130.0)	(24.0, 162.0)	(25.0, 181.0)	(26.0, 240.0)	(27.0, 304.0)	(28.0, 390.0)	(29.0, 444.0)	(30.0, 602.0)	(31.0, 768.0)	(32.0, 1107.0)	(33.0, 1576.0)	(34.0, 2370.0)	(35.0, 4018.0)	(36.0, 7821.0)	(37.0, 7178.0)
NGS069-24-ITS2-9_S193_L001_R2_001	(2.0, 6.0)	(3.0, 0.0)	(4.0, 0.0)	(5.0, 1.0)	(6.0, 1.0)	(7.0, 0.0)	(8.0, 1.0)	(9.0, 2.0)	(10.0, 2.0)	(11.0, 2.0)	(12.0, 31.0)	(13.0, 76.0)	(14.0, 61.0)	(15.0, 68.0)	(16.0, 46.0)	(17.0, 26.0)	(18.0, 43.0)	(19.0, 90.0)	(20.0, 129.0)	(21.0, 127.0)	(22.0, 195.0)	(23.0, 234.0)	(24.0, 303.0)	(25.0, 400.0)	(26.0, 556.0)	(27.0, 814.0)	(28.0, 1141.0)	(29.0, 1687.0)	(30.0, 2410.0)	(31.0, 3122.0)	(32.0, 3645.0)	(33.0, 4280.0)	(34.0, 4403.0)	(35.0, 2854.0)	(36.0, 719.0)	(37.0, 21.0)
